1,-0.1429424657383356,0.16118811918578071
2,-0.1429424657383356,0.16118811918578071
3,-0.1429424657383356,0.16118811918578071
4,-0.1429424657383356,0.16118811918578071
5,-0.1429424657383356,0.16118811918578071
6,-0.1429424657383356,0.16118811918578071
7,-0.1429424657383356,0.16118811918578071
8,-0.1429424657383356,0.16118811918578071
9,-0.1429424657383356,0.16118811918578071
10,-0.1429424657383356,0.16118811918578071
11,-0.1429424657383356,0.16118811918578071
12,-0.1429424657383356,0.16118811918578071
13,-0.1429424657383356,0.16118811918578071
14,-0.1429424657383356,0.16118811918578071
15,-0.1429424657383356,0.16118811918578071
16,-0.1429424657383356,0.16118811918578071
17,-0.1429424657383356,0.16118811918578071
18,-0.1429424657383356,0.16118811918578071
19,-0.1429424657383356,0.16118811918578071
20,-0.1429424657383356,0.16118811918578071
21,-0.1429424657383356,0.16118811918578071
22,-0.1429424657383356,0.16118811918578071
23,-0.1429424657383356,0.16118811918578071
24,-0.1429424657383356,0.16118811918578071
25,-0.1429424657383356,0.16118811918578071
26,-0.1429424657383356,0.16118811918578071
27,-0.1429424657383356,0.16118811918578071
28,-0.1429424657383356,0.16118811918578071
29,-0.1429424657383356,0.16118811918578071
30,-0.1429424657383356,0.16118811918578071
31,-0.1429424657383356,0.16118811918578071
32,-0.1429424657383356,0.16118811918578071
33,-0.1429424657383356,0.16118811918578071
34,-0.1429424657383356,0.16118811918578071
35,-0.1429424657383356,0.16118811918578071
36,-0.1429424657383356,0.16118811918578071
37,-0.1429424657383356,0.16118811918578071
38,-0.1429424657383356,0.16118811918578071
39,-0.1429424657383356,0.16118811918578071
40,-0.1429424657383356,0.16118811918578071
41,-0.1429424657383356,0.16118811918578071
42,-0.1429424657383356,0.16118811918578071
43,-0.1429424657383356,0.16118811918578071
44,-0.1429424657383356,0.16118811918578071
45,-0.1429424657383356,0.16118811918578071
46,-0.1429424657383356,0.16118811918578071
47,-0.1429424657383356,0.16118811918578071
48,-0.1429424657383356,0.16118811918578071
49,-0.1429424657383356,0.16118811918578071
50,-0.1429424657383356,0.16118811918578071
51,-0.1429424657383356,0.16118811918578071
52,-0.1429424657383356,0.16118811918578071
53,-0.1429424657383356,0.16118811918578071
54,-0.1429424657383356,0.16118811918578071
55,-0.1429424657383356,0.16118811918578071
56,-0.1429424657383356,0.16118811918578071
57,-0.1429424657383356,0.16118811918578071
58,-0.1429424657383356,0.16118811918578071
59,-0.1429424657383356,0.16118811918578071
60,-0.1429424657383356,0.16118811918578071
61,-0.1429424657383356,0.16118811918578071
62,-0.1429424657383356,0.16118811918578071
63,-0.1429424657383356,0.16118811918578071
64,-0.1429424657383356,0.16118811918578071
65,-0.1429424657383356,0.16118811918578071
66,-0.1429424657383356,0.16118811918578071
67,-0.1429424657383356,0.16118811918578071
68,-0.1429424657383356,0.16118811918578071
69,-0.1429424657383356,0.16118811918578071
70,-0.1429424657383356,0.16118811918578071
71,-0.1429424657383356,0.16118811918578071
72,-0.1429424657383356,0.16118811918578071
73,-0.1429424657383356,0.16118811918578071
74,-0.1429424657383356,0.16118811918578071
75,-0.1429424657383356,0.16118811918578071
76,-0.1429424657383356,0.16118811918578071
77,-0.1429424657383356,0.16118811918578071
78,-0.1429424657383356,0.16118811918578071
79,-0.1429424657383356,0.16118811918578071
80,-0.1429424657383356,0.16118811918578071
81,-0.1429424657383356,0.16118811918578071
82,-0.1429424657383356,0.16118811918578071
83,-0.1429424657383356,0.16118811918578071
84,-0.1429424657383356,0.16118811918578071
85,-0.1429424657383356,0.16118811918578071
86,-0.1429424657383356,0.16118811918578071
87,-0.1429424657383356,0.16118811918578071
88,-0.1429424657383356,0.16118811918578071
89,-0.1429424657383356,0.16118811918578071
90,-0.1429424657383356,0.16118811918578071
91,-0.1429424657383356,0.16118811918578071
92,-0.1429424657383356,0.16118811918578071
93,-0.1429424657383356,0.16118811918578071
94,-0.1429424657383356,0.16118811918578071
95,-0.1429424657383356,0.16118811918578071
96,-0.1429424657383356,0.16118811918578071
97,-0.1429424657383356,0.16118811918578071
98,-0.1429424657383356,0.16118811918578071
99,-0.1429424657383356,0.16118811918578071
100,-0.1429424657383356,0.16118811918578071
101,-0.1429424657383356,0.16118811918578071
102,-0.1429424657383356,0.16118811918578071
103,-0.1429424657383356,0.16118811918578071
104,-0.1429424657383356,0.16118811918578071
105,-0.1429424657383356,0.16118811918578071
106,-0.1429424657383356,0.16118811918578071
107,-0.1429424657383356,0.16118811918578071
108,-0.1429424657383356,0.16118811918578071
109,-0.1429424657383356,0.16118811918578071
110,-0.1429424657383356,0.16118811918578071
111,-0.1429424657383356,0.16118811918578071
112,-0.1429424657383356,0.16118811918578071
113,-0.1429424657383356,0.16118811918578071
114,-0.1429424657383356,0.16118811918578071
115,-0.1429424657383356,0.16118811918578071
116,-0.1429424657383356,0.16118811918578071
117,-0.1429424657383356,0.16118811918578071
118,-0.1429424657383356,0.16118811918578071
119,-0.1429424657383356,0.16118811918578071
120,-0.1429424657383356,0.16118811918578071
121,-0.1429424657383356,0.16118811918578071
122,-0.1429424657383356,0.16118811918578071
123,-0.1429424657383356,0.16118811918578071
124,-0.1429424657383356,0.16118811918578071
125,-0.1429424657383356,0.16118811918578071
126,-0.1429424657383356,0.16118811918578071
127,-0.1429424657383356,0.16118811918578071
128,-0.1429424657383356,0.16118811918578071
129,-0.1429424657383356,0.16118811918578071
130,-0.1429424657383356,0.16118811918578071
131,-0.1429424657383356,0.16118811918578071
132,-0.1429424657383356,0.16118811918578071
133,-0.1429424657383356,0.16118811918578071
134,-0.1429424657383356,0.16118811918578071
135,-0.1429424657383356,0.16118811918578071
136,-0.1429424657383356,0.16118811918578071
137,-0.1429424657383356,0.16118811918578071
138,-0.1429424657383356,0.16118811918578071
139,-0.1429424657383356,0.16118811918578071
140,-0.1429424657383356,0.16118811918578071
141,-0.1429424657383356,0.16118811918578071
142,-0.1429424657383356,0.16118811918578071
143,-0.1429424657383356,0.16118811918578071
144,-0.1429424657383356,0.16118811918578071
145,-0.1429424657383356,0.16118811918578071
146,-0.1429424657383356,0.16118811918578071
147,-0.1429424657383356,0.16118811918578071
148,-0.1429424657383356,0.16118811918578071
149,-0.1429424657383356,0.16118811918578071
150,-0.1429424657383356,0.16118811918578071
151,-0.1429424657383356,0.16118811918578071
152,-0.1429424657383356,0.16118811918578071
153,-0.1429424657383356,0.16118811918578071
154,-0.1429424657383356,0.16118811918578071
155,-0.1429424657383356,0.16118811918578071
156,-0.1429424657383356,0.16118811918578071
157,-0.1429424657383356,0.16118811918578071
158,-0.1429424657383356,0.16118811918578071
159,-0.1429424657383356,0.16118811918578071
160,-0.1429424657383356,0.16118811918578071
161,-0.1429424657383356,0.16118811918578071
162,-0.1429424657383356,0.16118811918578071
163,-0.1429424657383356,0.16118811918578071
164,-0.1429424657383356,0.16118811918578071
165,-0.1429424657383356,0.16118811918578071
166,-0.1429424657383356,0.16118811918578071
167,-0.1429424657383356,0.16118811918578071
168,-0.1429424657383356,0.16118811918578071
169,-0.1429424657383356,0.16118811918578071
170,-0.1429424657383356,0.16118811918578071
171,-0.1429424657383356,0.16118811918578071
172,-0.1429424657383356,0.16118811918578071
173,-0.1429424657383356,0.16118811918578071
174,-0.1429424657383356,0.16118811918578071
175,-0.1429424657383356,0.16118811918578071
176,-0.1429424657383356,0.16118811918578071
177,-0.1429424657383356,0.16118811918578071
178,-0.1429424657383356,0.16118811918578071
179,-0.1429424657383356,0.16118811918578071
180,-0.1429424657383356,0.16118811918578071
181,-0.1429424657383356,0.16118811918578071
182,-0.1429424657383356,0.16118811918578071
183,-0.1429424657383356,0.16118811918578071
184,-0.1429424657383356,0.16118811918578071
185,-0.1429424657383356,0.16118811918578071
186,-0.1429424657383356,0.16118811918578071
187,-0.1429424657383356,0.16118811918578071
188,-0.1429424657383356,0.16118811918578071
189,-0.1429424657383356,0.16118811918578071
190,-0.1429424657383356,0.16118811918578071
191,-0.1429424657383356,0.16118811918578071
192,-0.1429424657383356,0.16118811918578071
193,-0.1429424657383356,0.16118811918578071
194,-0.1429424657383356,0.16118811918578071
195,-0.1429424657383356,0.16118811918578071
196,-0.1429424657383356,0.16118811918578071
197,-0.1429424657383356,0.16118811918578071
198,-0.1429424657383356,0.16118811918578071
199,-0.1429424657383356,0.16118811918578071
200,-0.1429424657383356,0.16118811918578071
201,-0.1429424657383356,0.16118811918578071
202,-0.1429424657383356,0.16118811918578071
203,-0.1429424657383356,0.16118811918578071
204,-0.1429424657383356,0.16118811918578071
205,-0.1429424657383356,0.16118811918578071
206,-0.1429424657383356,0.16118811918578071
207,-0.1429424657383356,0.16118811918578071
208,-0.1429424657383356,0.16118811918578071
209,-0.1429424657383356,0.16118811918578071
210,-0.1429424657383356,0.16118811918578071
211,-0.1429424657383356,0.16118811918578071
212,-0.1429424657383356,0.16118811918578071
213,-0.1429424657383356,0.16118811918578071
214,-0.1429424657383356,0.16118811918578071
215,-0.1429424657383356,0.16118811918578071
216,-0.1429424657383356,0.16118811918578071
217,-0.1429424657383356,0.16118811918578071
218,-0.1429424657383356,0.16118811918578071
219,-0.1429424657383356,0.16118811918578071
220,-0.1429424657383356,0.16118811918578071
221,-0.1429424657383356,0.16118811918578071
222,-0.1429424657383356,0.16118811918578071
223,-0.1429424657383356,0.16118811918578071
224,-0.1429424657383356,0.16118811918578071
225,-0.1429424657383356,0.16118811918578071
226,-0.1429424657383356,0.16118811918578071
227,-0.1429424657383356,0.16118811918578071
228,-0.1429424657383356,0.16118811918578071
229,-0.1429424657383356,0.16118811918578071
230,-0.1429424657383356,0.16118811918578071
231,-0.1429424657383356,0.16118811918578071
232,-0.1429424657383356,0.16118811918578071
233,-0.1429424657383356,0.16118811918578071
234,-0.1429424657383356,0.16118811918578071
235,-0.1429424657383356,0.16118811918578071
236,-0.1429424657383356,0.16118811918578071
237,-0.1429424657383356,0.16118811918578071
238,-0.1429424657383356,0.16118811918578071
239,-0.1429424657383356,0.16118811918578071
240,-0.1429424657383356,0.16118811918578071
241,-0.1429424657383356,0.16118811918578071
242,-0.1429424657383356,0.16118811918578071
243,-0.1429424657383356,0.16118811918578071
244,-0.1429424657383356,0.16118811918578071
245,-0.1429424657383356,0.16118811918578071
246,-0.1429424657383356,0.16118811918578071
247,-0.1429424657383356,0.16118811918578071
248,-0.1429424657383356,0.16118811918578071
249,-0.1429424657383356,0.16118811918578071
250,-0.1429424657383356,0.16118811918578071
251,-0.1429424657383356,0.16118811918578071
252,-0.1429424657383356,0.16118811918578071
253,-0.1429424657383356,0.16118811918578071
254,-0.1429424657383356,0.16118811918578071
255,-0.1429424657383356,0.16118811918578071
256,-0.1429424657383356,0.16118811918578071
257,-0.1429424657383356,0.16118811918578071
258,-0.1429424657383356,0.16118811918578071
259,-0.1429424657383356,0.16118811918578071
260,-0.1429424657383356,0.16118811918578071
261,-0.1429424657383356,0.16118811918578071
262,-0.1429424657383356,0.16118811918578071
263,-0.1429424657383356,0.16118811918578071
264,-0.1429424657383356,0.16118811918578071
265,-0.1429424657383356,0.16118811918578071
266,-0.1429424657383356,0.16118811918578071
267,-0.1429424657383356,0.16118811918578071
268,-0.1429424657383356,0.16118811918578071
269,-0.1429424657383356,0.16118811918578071
270,-0.1429424657383356,0.16118811918578071
271,-0.1429424657383356,0.16118811918578071
272,-0.1429424657383356,0.16118811918578071
273,-0.1429424657383356,0.16118811918578071
274,-0.1429424657383356,0.16118811918578071
275,-0.1429424657383356,0.16118811918578071
276,-0.1429424657383356,0.16118811918578071
277,-0.1429424657383356,0.16118811918578071
278,-0.1429424657383356,0.16118811918578071
279,-0.1429424657383356,0.16118811918578071
280,-0.1429424657383356,0.16118811918578071
281,-0.1429424657383356,0.16118811918578071
282,-0.1429424657383356,0.16118811918578071
283,-0.1429424657383356,0.16118811918578071
284,-0.1429424657383356,0.16118811918578071
285,-0.1429424657383356,0.16118811918578071
286,-0.1429424657383356,0.16118811918578071
287,-0.1429424657383356,0.16118811918578071
288,-0.1429424657383356,0.16118811918578071
289,-0.1429424657383356,0.16118811918578071
290,-0.1429424657383356,0.16118811918578071
291,-0.1429424657383356,0.16118811918578071
292,-0.1429424657383356,0.16118811918578071
293,-0.1429424657383356,0.16118811918578071
294,-0.1429424657383356,0.16118811918578071
295,-0.1429424657383356,0.16118811918578071
296,-0.1429424657383356,0.16118811918578071
297,-0.1429424657383356,0.16118811918578071
298,-0.1429424657383356,0.16118811918578071
299,-0.1429424657383356,0.16118811918578071
300,-0.1429424657383356,0.16118811918578071
301,-0.1429424657383356,0.16118811918578071
302,-0.1429424657383356,0.16118811918578071
303,-0.1429424657383356,0.16118811918578071
304,-0.1429424657383356,0.16118811918578071
305,-0.1429424657383356,0.16118811918578071
306,-0.1429424657383356,0.16118811918578071
307,-0.1429424657383356,0.16118811918578071
308,-0.1429424657383356,0.16118811918578071
309,-0.1429424657383356,0.16118811918578071
310,-0.1429424657383356,0.16118811918578071
311,-0.1429424657383356,0.16118811918578071
312,-0.1429424657383356,0.16118811918578071
313,-0.1429424657383356,0.16118811918578071
314,-0.1429424657383356,0.16118811918578071
315,-0.1429424657383356,0.16118811918578071
316,-0.1429424657383356,0.16118811918578071
317,-0.1429424657383356,0.16118811918578071
318,-0.1429424657383356,0.16118811918578071
319,-0.1429424657383356,0.16118811918578071
320,-0.1429424657383356,0.16118811918578071
321,-0.1429424657383356,0.16118811918578071
322,-0.1429424657383356,0.16118811918578071
323,-0.1429424657383356,0.16118811918578071
324,-0.1429424657383356,0.16118811918578071
325,-0.1429424657383356,0.16118811918578071
326,-0.1429424657383356,0.16118811918578071
327,-0.1429424657383356,0.16118811918578071
328,-0.1429424657383356,0.16118811918578071
329,-0.1429424657383356,0.16118811918578071
330,-0.1429424657383356,0.16118811918578071
331,-0.1429424657383356,0.16118811918578071
332,-0.1429424657383356,0.16118811918578071
333,-0.1429424657383356,0.16118811918578071
334,-0.1429424657383356,0.16118811918578071
335,-0.1429424657383356,0.16118811918578071
336,-0.1429424657383356,0.16118811918578071
337,-0.1429424657383356,0.16118811918578071
338,-0.1429424657383356,0.16118811918578071
339,-0.1429424657383356,0.16118811918578071
340,-0.1429424657383356,0.16118811918578071
341,-0.1429424657383356,0.16118811918578071
342,-0.1429424657383356,0.16118811918578071
343,-0.1429424657383356,0.16118811918578071
344,-0.1429424657383356,0.16118811918578071
345,-0.1429424657383356,0.16118811918578071
346,-0.1429424657383356,0.16118811918578071
347,-0.1429424657383356,0.16118811918578071
348,-0.1429424657383356,0.16118811918578071
349,-0.1429424657383356,0.16118811918578071
350,-0.1429424657383356,0.16118811918578071
351,-0.1429424657383356,0.16118811918578071
352,-0.1429424657383356,0.16118811918578071
353,-0.1429424657383356,0.16118811918578071
354,-0.1429424657383356,0.16118811918578071
355,-0.1429424657383356,0.16118811918578071
356,-0.1429424657383356,0.16118811918578071
357,-0.1429424657383356,0.16118811918578071
358,-0.1429424657383356,0.16118811918578071
359,-0.1429424657383356,0.16118811918578071
360,-0.1429424657383356,0.16118811918578071
361,-0.1429424657383356,0.16118811918578071
362,-0.1429424657383356,0.16118811918578071
363,-0.1429424657383356,0.16118811918578071
364,-0.1429424657383356,0.16118811918578071
365,-0.1429424657383356,0.16118811918578071
366,-0.1429424657383356,0.16118811918578071
367,-0.1429424657383356,0.16118811918578071
368,-0.1429424657383356,0.16118811918578071
369,-0.1429424657383356,0.16118811918578071
370,-0.1429424657383356,0.16118811918578071
371,-0.1429424657383356,0.16118811918578071
372,-0.1429424657383356,0.16118811918578071
373,-0.1429424657383356,0.16118811918578071
374,-0.1429424657383356,0.16118811918578071
375,-0.1429424657383356,0.16118811918578071
376,-0.1429424657383356,0.16118811918578071
377,-0.1429424657383356,0.16118811918578071
378,-0.1429424657383356,0.16118811918578071
379,-0.1429424657383356,0.16118811918578071
380,-0.1429424657383356,0.16118811918578071
381,-0.1429424657383356,0.16118811918578071
382,-0.1429424657383356,0.16118811918578071
383,-0.1429424657383356,0.16118811918578071
384,-0.1429424657383356,0.16118811918578071
385,-0.1429424657383356,0.16118811918578071
386,-0.1429424657383356,0.16118811918578071
387,-0.1429424657383356,0.16118811918578071
388,-0.1429424657383356,0.16118811918578071
389,-0.1429424657383356,0.16118811918578071
390,-0.1429424657383356,0.16118811918578071
391,-0.1429424657383356,0.16118811918578071
392,-0.1429424657383356,0.16118811918578071
393,-0.1429424657383356,0.16118811918578071
394,-0.1429424657383356,0.16118811918578071
395,-0.1429424657383356,0.16118811918578071
396,-0.1429424657383356,0.16118811918578071
397,-0.1429424657383356,0.16118811918578071
398,-0.1429424657383356,0.16118811918578071
399,-0.1429424657383356,0.16118811918578071
400,-0.1429424657383356,0.16118811918578071
401,-0.1429424657383356,0.16118811918578071
402,-0.1429424657383356,0.16118811918578071
403,-0.1429424657383356,0.16118811918578071
404,-0.1429424657383356,0.16118811918578071
405,-0.1429424657383356,0.16118811918578071
406,-0.1429424657383356,0.16118811918578071
407,-0.1429424657383356,0.16118811918578071
408,-0.1429424657383356,0.16118811918578071
409,-0.1429424657383356,0.16118811918578071
410,-0.1429424657383356,0.16118811918578071
411,-0.1429424657383356,0.16118811918578071
412,-0.1429424657383356,0.16118811918578071
413,-0.1429424657383356,0.16118811918578071
414,-0.1429424657383356,0.16118811918578071
415,-0.1429424657383356,0.16118811918578071
416,-0.1429424657383356,0.16118811918578071
417,-0.1429424657383356,0.16118811918578071
418,-0.1429424657383356,0.16118811918578071
419,-0.1429424657383356,0.16118811918578071
420,-0.1429424657383356,0.16118811918578071
421,-0.1429424657383356,0.16118811918578071
422,-0.1429424657383356,0.16118811918578071
423,-0.1429424657383356,0.16118811918578071
424,-0.1429424657383356,0.16118811918578071
425,-0.1429424657383356,0.16118811918578071
426,-0.1429424657383356,0.16118811918578071
427,-0.1429424657383356,0.16118811918578071
428,-0.1429424657383356,0.16118811918578071
429,-0.1429424657383356,0.16118811918578071
430,-0.1429424657383356,0.16118811918578071
431,-0.1429424657383356,0.16118811918578071
432,-0.1429424657383356,0.16118811918578071
433,-0.1429424657383356,0.16118811918578071
434,-0.1429424657383356,0.16118811918578071
435,-0.1429424657383356,0.16118811918578071
436,-0.1429424657383356,0.16118811918578071
437,-0.1429424657383356,0.16118811918578071
438,-0.1429424657383356,0.16118811918578071
439,-0.1429424657383356,0.16118811918578071
440,-0.1429424657383356,0.16118811918578071
441,-0.1429424657383356,0.16118811918578071
442,-0.1429424657383356,0.16118811918578071
443,-0.1429424657383356,0.16118811918578071
444,-0.1429424657383356,0.16118811918578071
445,-0.1429424657383356,0.16118811918578071
446,-0.1429424657383356,0.16118811918578071
447,-0.1429424657383356,0.16118811918578071
448,-0.1429424657383356,0.16118811918578071
449,-0.1429424657383356,0.16118811918578071
450,-0.1429424657383356,0.16118811918578071
451,-0.1429424657383356,0.16118811918578071
452,-0.1429424657383356,0.16118811918578071
453,-0.1429424657383356,0.16118811918578071
454,-0.1429424657383356,0.16118811918578071
455,-0.1429424657383356,0.16118811918578071
456,-0.1429424657383356,0.16118811918578071
457,-0.1429424657383356,0.16118811918578071
458,-0.1429424657383356,0.16118811918578071
459,-0.1429424657383356,0.16118811918578071
460,-0.1429424657383356,0.16118811918578071
461,-0.1429424657383356,0.16118811918578071
462,-0.1429424657383356,0.16118811918578071
463,-0.1429424657383356,0.16118811918578071
464,-0.1429424657383356,0.16118811918578071
465,-0.1429424657383356,0.16118811918578071
466,-0.1429424657383356,0.16118811918578071
467,-0.1429424657383356,0.16118811918578071
468,-0.1429424657383356,0.16118811918578071
469,-0.1429424657383356,0.16118811918578071
470,-0.1429424657383356,0.16118811918578071
471,-0.1429424657383356,0.16118811918578071
472,-0.1429424657383356,0.16118811918578071
473,-0.1429424657383356,0.16118811918578071
474,-0.1429424657383356,0.16118811918578071
475,-0.1429424657383356,0.16118811918578071
476,-0.1429424657383356,0.16118811918578071
477,-0.1429424657383356,0.16118811918578071
478,-0.1429424657383356,0.16118811918578071
479,-0.1429424657383356,0.16118811918578071
480,-0.1429424657383356,0.16118811918578071
481,-0.1429424657383356,0.16118811918578071
482,-0.1429424657383356,0.16118811918578071
483,-0.1429424657383356,0.16118811918578071
484,-0.1429424657383356,0.16118811918578071
485,-0.1429424657383356,0.16118811918578071
486,-0.1429424657383356,0.16118811918578071
487,-0.1429424657383356,0.16118811918578071
488,-0.1429424657383356,0.16118811918578071
489,-0.1429424657383356,0.16118811918578071
490,-0.1429424657383356,0.16118811918578071
491,-0.1429424657383356,0.16118811918578071
492,-0.1429424657383356,0.16118811918578071
493,-0.1429424657383356,0.16118811918578071
494,-0.1429424657383356,0.16118811918578071
495,-0.1429424657383356,0.16118811918578071
496,-0.1429424657383356,0.16118811918578071
497,-0.1429424657383356,0.16118811918578071
498,-0.1429424657383356,0.16118811918578071
499,-0.1429424657383356,0.16118811918578071
500,-0.1429424657383356,0.16118811918578071
501,-0.1429424657383356,0.16118811918578071
502,-0.1429424657383356,0.16118811918578071
503,-0.1429424657383356,0.16118811918578071
504,-0.1429424657383356,0.16118811918578071
505,-0.1429424657383356,0.16118811918578071
506,-0.1429424657383356,0.16118811918578071
507,-0.1429424657383356,0.16118811918578071
508,-0.1429424657383356,0.16118811918578071
509,-0.1429424657383356,0.16118811918578071
510,-0.1429424657383356,0.16118811918578071
511,-0.1429424657383356,0.16118811918578071
512,-0.1429424657383356,0.16118811918578071
513,-0.1429424657383356,0.16118811918578071
514,-0.1429424657383356,0.16118811918578071
515,-0.1429424657383356,0.16118811918578071
516,-0.1429424657383356,0.16118811918578071
517,-0.1429424657383356,0.16118811918578071
518,-0.1429424657383356,0.16118811918578071
519,-0.1429424657383356,0.16118811918578071
520,-0.1429424657383356,0.16118811918578071
521,-0.1429424657383356,0.16118811918578071
522,-0.1429424657383356,0.16118811918578071
523,-0.1429424657383356,0.16118811918578071
524,-0.1429424657383356,0.16118811918578071
525,-0.1429424657383356,0.16118811918578071
526,-0.1429424657383356,0.16118811918578071
527,-0.1429424657383356,0.16118811918578071
528,-0.1429424657383356,0.16118811918578071
529,-0.1429424657383356,0.16118811918578071
530,-0.1429424657383356,0.16118811918578071
531,-0.1429424657383356,0.16118811918578071
532,-0.1429424657383356,0.16118811918578071
533,-0.1429424657383356,0.16118811918578071
534,-0.1429424657383356,0.16118811918578071
535,-0.1429424657383356,0.16118811918578071
536,-0.1429424657383356,0.16118811918578071
537,-0.1429424657383356,0.16118811918578071
538,-0.1429424657383356,0.16118811918578071
539,-0.1429424657383356,0.16118811918578071
540,-0.1429424657383356,0.16118811918578071
541,-0.1429424657383356,0.16118811918578071
542,-0.1429424657383356,0.16118811918578071
543,-0.1429424657383356,0.16118811918578071
544,-0.1429424657383356,0.16118811918578071
545,-0.1429424657383356,0.16118811918578071
546,-0.1429424657383356,0.16118811918578071
547,-0.1429424657383356,0.16118811918578071
548,-0.1429424657383356,0.16118811918578071
549,-0.1429424657383356,0.16118811918578071
550,-0.1429424657383356,0.16118811918578071
551,-0.1429424657383356,0.16118811918578071
552,-0.1429424657383356,0.16118811918578071
553,-0.1429424657383356,0.16118811918578071
554,-0.1429424657383356,0.16118811918578071
555,-0.1429424657383356,0.16118811918578071
556,-0.1429424657383356,0.16118811918578071
557,-0.1429424657383356,0.16118811918578071
558,-0.1429424657383356,0.16118811918578071
559,-0.1429424657383356,0.16118811918578071
560,-0.1429424657383356,0.16118811918578071
561,-0.1429424657383356,0.16118811918578071
562,-0.1429424657383356,0.16118811918578071
563,-0.1429424657383356,0.16118811918578071
564,-0.1429424657383356,0.16118811918578071
565,-0.1429424657383356,0.16118811918578071
566,-0.1429424657383356,0.16118811918578071
567,-0.1429424657383356,0.16118811918578071
568,-0.1429424657383356,0.16118811918578071
569,-0.1429424657383356,0.16118811918578071
570,-0.1429424657383356,0.16118811918578071
571,-0.1429424657383356,0.16118811918578071
572,-0.1429424657383356,0.16118811918578071
573,-0.1429424657383356,0.16118811918578071
574,-0.1429424657383356,0.16118811918578071
575,-0.1429424657383356,0.16118811918578071
576,-0.1429424657383356,0.16118811918578071
577,-0.1429424657383356,0.16118811918578071
578,-0.1429424657383356,0.16118811918578071
579,-0.1429424657383356,0.16118811918578071
580,-0.1429424657383356,0.16118811918578071
581,-0.1429424657383356,0.16118811918578071
582,-0.1429424657383356,0.16118811918578071
583,-0.1429424657383356,0.16118811918578071
584,-0.1429424657383356,0.16118811918578071
585,-0.1429424657383356,0.16118811918578071
586,-0.1429424657383356,0.16118811918578071
587,-0.1429424657383356,0.16118811918578071
588,-0.1429424657383356,0.16118811918578071
589,-0.1429424657383356,0.16118811918578071
590,-0.1429424657383356,0.16118811918578071
591,-0.1429424657383356,0.16118811918578071
592,-0.1429424657383356,0.16118811918578071
593,-0.1429424657383356,0.16118811918578071
594,-0.1429424657383356,0.16118811918578071
595,-0.1429424657383356,0.16118811918578071
596,-0.1429424657383356,0.16118811918578071
597,-0.1429424657383356,0.16118811918578071
598,-0.1429424657383356,0.16118811918578071
599,-0.1429424657383356,0.16118811918578071
600,-0.1429424657383356,0.16118811918578071
601,-0.1429424657383356,0.16118811918578071
602,-0.1429424657383356,0.16118811918578071
603,-0.1429424657383356,0.16118811918578071
604,-0.1429424657383356,0.16118811918578071
605,-0.1429424657383356,0.16118811918578071
606,-0.1429424657383356,0.16118811918578071
607,-0.1429424657383356,0.16118811918578071
608,-0.1429424657383356,0.16118811918578071
609,-0.1429424657383356,0.16118811918578071
610,-0.1429424657383356,0.16118811918578071
611,-0.1429424657383356,0.16118811918578071
612,-0.1429424657383356,0.16118811918578071
613,-0.1429424657383356,0.16118811918578071
614,-0.1429424657383356,0.16118811918578071
615,-0.1429424657383356,0.16118811918578071
616,-0.1429424657383356,0.16118811918578071
617,-0.1429424657383356,0.16118811918578071
618,-0.1429424657383356,0.16118811918578071
619,-0.1429424657383356,0.16118811918578071
620,-0.1429424657383356,0.16118811918578071
621,-0.1429424657383356,0.16118811918578071
622,-0.1429424657383356,0.16118811918578071
623,-0.1429424657383356,0.16118811918578071
624,-0.1429424657383356,0.16118811918578071
625,-0.1429424657383356,0.16118811918578071
626,-0.1429424657383356,0.16118811918578071
627,-0.1429424657383356,0.16118811918578071
628,-0.1429424657383356,0.16118811918578071
629,-0.1429424657383356,0.16118811918578071
630,-0.1429424657383356,0.16118811918578071
631,-0.1429424657383356,0.16118811918578071
632,-0.1429424657383356,0.16118811918578071
633,-0.1429424657383356,0.16118811918578071
634,-0.1429424657383356,0.16118811918578071
635,-0.1429424657383356,0.16118811918578071
636,-0.1429424657383356,0.16118811918578071
637,-0.1429424657383356,0.16118811918578071
638,-0.1429424657383356,0.16118811918578071
639,-0.1429424657383356,0.16118811918578071
640,-0.1429424657383356,0.16118811918578071
641,-0.1429424657383356,0.16118811918578071
642,-0.1429424657383356,0.16118811918578071
643,-0.1429424657383356,0.16118811918578071
644,-0.1429424657383356,0.16118811918578071
645,-0.1429424657383356,0.16118811918578071
646,-0.1429424657383356,0.16118811918578071
647,-0.1429424657383356,0.16118811918578071
648,-0.1429424657383356,0.16118811918578071
649,-0.1429424657383356,0.16118811918578071
650,-0.1429424657383356,0.16118811918578071
651,-0.1429424657383356,0.16118811918578071
652,-0.1429424657383356,0.16118811918578071
653,-0.1429424657383356,0.16118811918578071
654,-0.1429424657383356,0.16118811918578071
655,-0.1429424657383356,0.16118811918578071
656,-0.1429424657383356,0.16118811918578071
657,-0.1429424657383356,0.16118811918578071
658,-0.1429424657383356,0.16118811918578071
659,-0.1429424657383356,0.16118811918578071
660,-0.1429424657383356,0.16118811918578071
661,-0.1429424657383356,0.16118811918578071
662,-0.1429424657383356,0.16118811918578071
663,-0.1429424657383356,0.16118811918578071
664,-0.1429424657383356,0.16118811918578071
665,-0.1429424657383356,0.16118811918578071
666,-0.1429424657383356,0.16118811918578071
667,-0.1429424657383356,0.16118811918578071
668,-0.1429424657383356,0.16118811918578071
669,-0.1429424657383356,0.16118811918578071
670,-0.1429424657383356,0.16118811918578071
671,-0.1429424657383356,0.16118811918578071
672,-0.1429424657383356,0.16118811918578071
673,-0.1429424657383356,0.16118811918578071
674,-0.1429424657383356,0.16118811918578071
675,-0.1429424657383356,0.16118811918578071
676,-0.1429424657383356,0.16118811918578071
677,-0.1429424657383356,0.16118811918578071
678,-0.1429424657383356,0.16118811918578071
679,-0.1429424657383356,0.16118811918578071
680,-0.1429424657383356,0.16118811918578071
681,-0.1429424657383356,0.16118811918578071
682,-0.1429424657383356,0.16118811918578071
683,-0.1429424657383356,0.16118811918578071
684,-0.1429424657383356,0.16118811918578071
685,-0.1429424657383356,0.16118811918578071
686,-0.1429424657383356,0.16118811918578071
687,-0.1429424657383356,0.16118811918578071
688,-0.1429424657383356,0.16118811918578071
689,-0.1429424657383356,0.16118811918578071
690,-0.1429424657383356,0.16118811918578071
691,-0.1429424657383356,0.16118811918578071
692,-0.1429424657383356,0.16118811918578071
693,-0.1429424657383356,0.16118811918578071
694,-0.1429424657383356,0.16118811918578071
695,-0.1429424657383356,0.16118811918578071
696,-0.1429424657383356,0.16118811918578071
697,-0.1429424657383356,0.16118811918578071
698,-0.1429424657383356,0.16118811918578071
699,-0.1429424657383356,0.16118811918578071
700,-0.1429424657383356,0.16118811918578071
701,-0.1429424657383356,0.16118811918578071
702,-0.1429424657383356,0.16118811918578071
703,-0.1429424657383356,0.16118811918578071
704,-0.1429424657383356,0.16118811918578071
705,-0.1429424657383356,0.16118811918578071
706,-0.1429424657383356,0.16118811918578071
707,-0.1429424657383356,0.16118811918578071
708,-0.1429424657383356,0.16118811918578071
709,-0.1429424657383356,0.16118811918578071
710,-0.1429424657383356,0.16118811918578071
711,-0.1429424657383356,0.16118811918578071
712,-0.1429424657383356,0.16118811918578071
713,-0.1429424657383356,0.16118811918578071
714,-0.1429424657383356,0.16118811918578071
715,-0.1429424657383356,0.16118811918578071
716,-0.1429424657383356,0.16118811918578071
717,-0.1429424657383356,0.16118811918578071
718,-0.1429424657383356,0.16118811918578071
719,-0.1429424657383356,0.16118811918578071
720,-0.1429424657383356,0.16118811918578071
721,-0.1429424657383356,0.16118811918578071
722,-0.1429424657383356,0.16118811918578071
723,-0.1429424657383356,0.16118811918578071
724,-0.1429424657383356,0.16118811918578071
725,-0.1429424657383356,0.16118811918578071
726,-0.1429424657383356,0.16118811918578071
727,-0.1429424657383356,0.16118811918578071
728,-0.1429424657383356,0.16118811918578071
729,-0.1429424657383356,0.16118811918578071
730,-0.1429424657383356,0.16118811918578071
731,-0.1429424657383356,0.16118811918578071
732,-0.1429424657383356,0.16118811918578071
733,-0.1429424657383356,0.16118811918578071
734,-0.1429424657383356,0.16118811918578071
735,-0.1429424657383356,0.16118811918578071
736,-0.1429424657383356,0.16118811918578071
737,-0.1429424657383356,0.16118811918578071
738,-0.1429424657383356,0.16118811918578071
739,-0.1429424657383356,0.16118811918578071
740,-0.1429424657383356,0.16118811918578071
741,-0.1429424657383356,0.16118811918578071
742,-0.1429424657383356,0.16118811918578071
743,-0.1429424657383356,0.16118811918578071
744,-0.1429424657383356,0.16118811918578071
745,-0.1429424657383356,0.16118811918578071
746,-0.1429424657383356,0.16118811918578071
747,-0.1429424657383356,0.16118811918578071
748,-0.1429424657383356,0.16118811918578071
749,-0.1429424657383356,0.16118811918578071
750,-0.1429424657383356,0.16118811918578071
751,-0.1429424657383356,0.16118811918578071
752,-0.1429424657383356,0.16118811918578071
753,-0.1429424657383356,0.16118811918578071
754,-0.1429424657383356,0.16118811918578071
755,-0.1429424657383356,0.16118811918578071
756,-0.1429424657383356,0.16118811918578071
757,-0.1429424657383356,0.16118811918578071
758,-0.1429424657383356,0.16118811918578071
759,-0.1429424657383356,0.16118811918578071
760,-0.1429424657383356,0.16118811918578071
761,-0.1429424657383356,0.16118811918578071
762,-0.1429424657383356,0.16118811918578071
763,-0.1429424657383356,0.16118811918578071
764,-0.1429424657383356,0.16118811918578071
765,-0.1429424657383356,0.16118811918578071
766,-0.1429424657383356,0.16118811918578071
767,-0.1429424657383356,0.16118811918578071
768,-0.1429424657383356,0.16118811918578071
769,-0.1429424657383356,0.16118811918578071
770,-0.1429424657383356,0.16118811918578071
771,-0.1429424657383356,0.16118811918578071
772,-0.1429424657383356,0.16118811918578071
773,-0.1429424657383356,0.16118811918578071
774,-0.1429424657383356,0.16118811918578071
775,-0.1429424657383356,0.16118811918578071
776,-0.1429424657383356,0.16118811918578071
777,-0.1429424657383356,0.16118811918578071
778,-0.1429424657383356,0.16118811918578071
779,-0.1429424657383356,0.16118811918578071
780,-0.1429424657383356,0.16118811918578071
781,-0.1429424657383356,0.16118811918578071
782,-0.1429424657383356,0.16118811918578071
783,-0.1429424657383356,0.16118811918578071
784,-0.1429424657383356,0.16118811918578071
785,-0.1429424657383356,0.16118811918578071
786,-0.1429424657383356,0.16118811918578071
787,-0.1429424657383356,0.16118811918578071
788,-0.1429424657383356,0.16118811918578071
789,-0.1429424657383356,0.16118811918578071
790,-0.1429424657383356,0.16118811918578071
791,-0.1429424657383356,0.16118811918578071
792,-0.1429424657383356,0.16118811918578071
793,-0.1429424657383356,0.16118811918578071
794,-0.1429424657383356,0.16118811918578071
795,-0.1429424657383356,0.16118811918578071
796,-0.1429424657383356,0.16118811918578071
797,-0.1429424657383356,0.16118811918578071
798,-0.1429424657383356,0.16118811918578071
799,-0.1429424657383356,0.16118811918578071
800,-0.1429424657383356,0.16118811918578071
801,-0.1429424657383356,0.16118811918578071
802,-0.1429424657383356,0.16118811918578071
803,-0.1429424657383356,0.16118811918578071
804,-0.1429424657383356,0.16118811918578071
805,-0.1429424657383356,0.16118811918578071
806,-0.1429424657383356,0.16118811918578071
807,-0.1429424657383356,0.16118811918578071
808,-0.1429424657383356,0.16118811918578071
809,-0.1429424657383356,0.16118811918578071
810,-0.1429424657383356,0.16118811918578071
811,-0.1429424657383356,0.16118811918578071
812,-0.1429424657383356,0.16118811918578071
813,-0.1429424657383356,0.16118811918578071
814,-0.1429424657383356,0.16118811918578071
815,-0.1429424657383356,0.16118811918578071
816,-0.1429424657383356,0.16118811918578071
817,-0.1429424657383356,0.16118811918578071
818,-0.1429424657383356,0.16118811918578071
819,-0.1429424657383356,0.16118811918578071
820,-0.1429424657383356,0.16118811918578071
821,-0.1429424657383356,0.16118811918578071
822,-0.1429424657383356,0.16118811918578071
823,-0.1429424657383356,0.16118811918578071
824,-0.1429424657383356,0.16118811918578071
825,-0.1429424657383356,0.16118811918578071
826,-0.1429424657383356,0.16118811918578071
827,-0.1429424657383356,0.16118811918578071
828,-0.1429424657383356,0.16118811918578071
829,-0.1429424657383356,0.16118811918578071
830,-0.1429424657383356,0.16118811918578071
831,-0.1429424657383356,0.16118811918578071
832,-0.1429424657383356,0.16118811918578071
833,-0.1429424657383356,0.16118811918578071
834,-0.1429424657383356,0.16118811918578071
835,-0.1429424657383356,0.16118811918578071
836,-0.1429424657383356,0.16118811918578071
837,-0.1429424657383356,0.16118811918578071
838,-0.1429424657383356,0.16118811918578071
839,-0.1429424657383356,0.16118811918578071
840,-0.1429424657383356,0.16118811918578071
841,-0.1429424657383356,0.16118811918578071
842,-0.1429424657383356,0.16118811918578071
843,-0.1429424657383356,0.16118811918578071
844,-0.1429424657383356,0.16118811918578071
845,-0.1429424657383356,0.16118811918578071
846,-0.1429424657383356,0.16118811918578071
847,-0.1429424657383356,0.16118811918578071
848,-0.1429424657383356,0.16118811918578071
849,-0.1429424657383356,0.16118811918578071
850,-0.1429424657383356,0.16118811918578071
851,-0.1429424657383356,0.16118811918578071
852,-0.1429424657383356,0.16118811918578071
853,-0.1429424657383356,0.16118811918578071
854,-0.1429424657383356,0.16118811918578071
855,-0.1429424657383356,0.16118811918578071
856,-0.1429424657383356,0.16118811918578071
857,-0.1429424657383356,0.16118811918578071
858,-0.1429424657383356,0.16118811918578071
859,-0.1429424657383356,0.16118811918578071
860,-0.1429424657383356,0.16118811918578071
861,-0.1429424657383356,0.16118811918578071
862,-0.1429424657383356,0.16118811918578071
863,-0.1429424657383356,0.16118811918578071
864,-0.1429424657383356,0.16118811918578071
865,-0.1429424657383356,0.16118811918578071
866,-0.1429424657383356,0.16118811918578071
867,-0.1429424657383356,0.16118811918578071
868,-0.1429424657383356,0.16118811918578071
869,-0.1429424657383356,0.16118811918578071
870,-0.1429424657383356,0.16118811918578071
871,-0.1429424657383356,0.16118811918578071
872,-0.1429424657383356,0.16118811918578071
873,-0.1429424657383356,0.16118811918578071
874,-0.1429424657383356,0.16118811918578071
875,-0.1429424657383356,0.16118811918578071
876,-0.1429424657383356,0.16118811918578071
877,-0.1429424657383356,0.16118811918578071
878,-0.1429424657383356,0.16118811918578071
879,-0.1429424657383356,0.16118811918578071
880,-0.1429424657383356,0.16118811918578071
881,-0.1429424657383356,0.16118811918578071
882,-0.1429424657383356,0.16118811918578071
883,-0.1429424657383356,0.16118811918578071
884,-0.1429424657383356,0.16118811918578071
885,-0.1429424657383356,0.16118811918578071
886,-0.1429424657383356,0.16118811918578071
887,-0.1429424657383356,0.16118811918578071
888,-0.1429424657383356,0.16118811918578071
889,-0.1429424657383356,0.16118811918578071
890,-0.1429424657383356,0.16118811918578071
891,-0.1429424657383356,0.16118811918578071
892,-0.1429424657383356,0.16118811918578071
893,-0.1429424657383356,0.16118811918578071
894,-0.1429424657383356,0.16118811918578071
895,-0.1429424657383356,0.16118811918578071
896,-0.1429424657383356,0.16118811918578071
897,-0.1429424657383356,0.16118811918578071
898,-0.1429424657383356,0.16118811918578071
899,-0.1429424657383356,0.16118811918578071
900,-0.1429424657383356,0.16118811918578071
901,-0.1429424657383356,0.16118811918578071
902,-0.1429424657383356,0.16118811918578071
903,-0.1429424657383356,0.16118811918578071
904,-0.1429424657383356,0.16118811918578071
905,-0.1429424657383356,0.16118811918578071
906,-0.1429424657383356,0.16118811918578071
907,-0.1429424657383356,0.16118811918578071
908,-0.1429424657383356,0.16118811918578071
909,-0.1429424657383356,0.16118811918578071
910,-0.1429424657383356,0.16118811918578071
911,-0.1429424657383356,0.16118811918578071
912,-0.1429424657383356,0.16118811918578071
913,-0.1429424657383356,0.16118811918578071
914,-0.1429424657383356,0.16118811918578071
915,-0.1429424657383356,0.16118811918578071
916,-0.1429424657383356,0.16118811918578071
917,-0.1429424657383356,0.16118811918578071
918,-0.1429424657383356,0.16118811918578071
919,-0.1429424657383356,0.16118811918578071
920,-0.1429424657383356,0.16118811918578071
921,-0.1429424657383356,0.16118811918578071
922,-0.1429424657383356,0.16118811918578071
923,-0.1429424657383356,0.16118811918578071
924,-0.1429424657383356,0.16118811918578071
925,-0.1429424657383356,0.16118811918578071
926,-0.1429424657383356,0.16118811918578071
927,-0.1429424657383356,0.16118811918578071
928,-0.1429424657383356,0.16118811918578071
929,-0.1429424657383356,0.16118811918578071
930,-0.1429424657383356,0.16118811918578071
931,-0.1429424657383356,0.16118811918578071
932,-0.1429424657383356,0.16118811918578071
933,-0.1429424657383356,0.16118811918578071
934,-0.1429424657383356,0.16118811918578071
935,-0.1429424657383356,0.16118811918578071
936,-0.1429424657383356,0.16118811918578071
937,-0.1429424657383356,0.16118811918578071
938,-0.1429424657383356,0.16118811918578071
939,-0.1429424657383356,0.16118811918578071
940,-0.1429424657383356,0.16118811918578071
941,-0.1429424657383356,0.16118811918578071
942,-0.1429424657383356,0.16118811918578071
943,-0.1429424657383356,0.16118811918578071
944,-0.1429424657383356,0.16118811918578071
945,-0.1429424657383356,0.16118811918578071
946,-0.1429424657383356,0.16118811918578071
947,-0.1429424657383356,0.16118811918578071
948,-0.1429424657383356,0.16118811918578071
949,-0.1429424657383356,0.16118811918578071
950,-0.1429424657383356,0.16118811918578071
951,-0.1429424657383356,0.16118811918578071
952,-0.1429424657383356,0.16118811918578071
953,-0.1429424657383356,0.16118811918578071
954,-0.1429424657383356,0.16118811918578071
955,-0.1429424657383356,0.16118811918578071
956,-0.1429424657383356,0.16118811918578071
957,-0.1429424657383356,0.16118811918578071
958,-0.1429424657383356,0.16118811918578071
959,-0.1429424657383356,0.16118811918578071
960,-0.1429424657383356,0.16118811918578071
961,-0.1429424657383356,0.16118811918578071
962,-0.1429424657383356,0.16118811918578071
963,-0.1429424657383356,0.16118811918578071
964,-0.1429424657383356,0.16118811918578071
965,-0.1429424657383356,0.16118811918578071
966,-0.1429424657383356,0.16118811918578071
967,-0.1429424657383356,0.16118811918578071
968,-0.1429424657383356,0.16118811918578071
969,-0.1429424657383356,0.16118811918578071
970,-0.1429424657383356,0.16118811918578071
971,-0.1429424657383356,0.16118811918578071
972,-0.1429424657383356,0.16118811918578071
973,-0.1429424657383356,0.16118811918578071
974,-0.1429424657383356,0.16118811918578071
975,-0.1429424657383356,0.16118811918578071
976,-0.1429424657383356,0.16118811918578071
977,-0.1429424657383356,0.16118811918578071
978,-0.1429424657383356,0.16118811918578071
979,-0.1429424657383356,0.16118811918578071
980,-0.1429424657383356,0.16118811918578071
981,-0.1429424657383356,0.16118811918578071
982,-0.1429424657383356,0.16118811918578071
983,-0.1429424657383356,0.16118811918578071
984,-0.1429424657383356,0.16118811918578071
985,-0.1429424657383356,0.16118811918578071
986,-0.1429424657383356,0.16118811918578071
987,-0.1429424657383356,0.16118811918578071
988,-0.1429424657383356,0.16118811918578071
989,-0.1429424657383356,0.16118811918578071
990,-0.1429424657383356,0.16118811918578071
991,-0.1429424657383356,0.16118811918578071
992,-0.1429424657383356,0.16118811918578071
993,-0.1429424657383356,0.16118811918578071
994,-0.1429424657383356,0.16118811918578071
995,-0.1429424657383356,0.16118811918578071
996,-0.1429424657383356,0.16118811918578071
997,-0.1429424657383356,0.16118811918578071
998,-0.1429424657383356,0.16118811918578071
999,-0.1429424657383356,0.16118811918578071
1000,-0.1429424657383356,0.16118811918578071
