1,1,224.5,276.5,65.0,36.0,1
2,1,228.92145923520872,279.76746684554166,62.46533529468877,37.194661493242826,1
3,1,236.64394416599373,280.34238885052326,60.662165359876575,38.273915326449774,1
4,1,242.25165088909264,283.84699812598546,59.4265578600288,38.65593212708787,1
5,1,249.18445160896,285.203538497711,58.409946860662785,39.17248280758706,1
6,1,253.7448061769223,287.8086854357469,58.32863877912046,39.04151842217685,1
7,1,259.1611409816534,291.08534837942676,57.98193489841812,38.75590369738431,1
8,1,265.08444553166834,293.68742825653885,57.28036058842726,38.85099883741667,1
9,1,271.1731849401477,294.4515740297852,56.64641986503548,39.55863964108262,1
10,1,276.2529272804267,297.40135710866593,56.46581320571758,39.66280044254967,1
11,1,281.3331677771077,299.5073176944752,56.497730283644714,39.43977897872541,1
12,1,287.7678675373252,302.2031289963329,56.34844356380796,39.30464946659317,1
13,1,292.8898444659362,305.1964460772365,56.20175399644171,39.29375573752536,1
14,1,298.3457879490117,306.9183644750807,56.61246262660422,39.20557985721167,1
15,1,304.17544190790727,308.48278907567106,55.830985214184196,40.09170095861273,1
16,1,308.8921063958153,311.41752604727844,55.93971518307029,40.438135065935015,1
17,1,315.266994635117,313.16125841594135,55.96306339929113,40.12231525468039,1
18,1,320.36183175458734,316.0163542904565,56.27038985462542,39.9772937937361,1
19,1,325.9380366891785,319.04091881395897,56.20073221322626,39.66477897402601,1
20,1,330.8846481817091,321.0699142792905,55.77964286463967,39.31419623313652,1
21,1,331.6329197414932,323.5248388106287,55.54631910160833,38.95869802342648,1
22,1,302.3630438175465,325.0576500767738,59.0517577475974,37.864110494798275,1
23,1,252.29359405837369,327.12985631537344,60.017241128247726,38.197537010671596,1
24,1,239.35736763435406,328.09423326959063,58.838292837981314,38.57407809277673,1
25,1,249.33060961373548,330.35023286508476,57.40142000897923,38.661116549035846,1
26,1,255.093079436965,331.86450766775897,57.17694403897279,38.86427642397307,1
27,1,257.87923043850395,332.44888780016373,56.94963562720351,39.42158942423919,1
28,1,263.53953836261036,331.08168626505335,56.598692935729005,40.16082810008129,1
29,1,269.15045556868006,310.585102686898,55.38139896701004,40.606357316938855,1
30,1,274.42525639941675,290.3224647848261,54.689437571955125,40.86354001195189,1
31,1,279.6954431736947,269.7005288523651,54.65432162990555,40.738614574627775,1
32,1,284.48694662062184,261.92280159601137,54.90537349764796,40.11113718731074,1
33,1,291.7469366992819,262.05425254772376,54.714453894832175,39.76752983490088,1
34,1,296.5025491257818,263.94550819406766,55.06490621163219,39.38797550479859,1
35,1,301.2465349735077,265.8614664243125,55.33947151874388,38.97715751499676,1
36,1,306.69820713446074,268.36052832539195,55.47546149401802,38.37970948645837,1
37,1,312.34208887082605,269.5845010917792,55.24811710392902,38.403865642068865,1
38,1,317.9485646121087,270.55672530896544,55.204181505762975,38.343354685761895,1
39,1,323.6881552374201,268.60395929811375,55.374396197828204,38.52037132088391,1
40,1,329.33903407867956,248.7402929634661,54.83668709166436,39.02212186737649,1
41,1,334.6468458760827,240.2224834646563,54.773073079377596,39.4565083363095,1
42,1,340.3919177752948,240.88710674649477,54.977516034798555,39.42665959882736,1
43,1,345.16893369252097,241.95475886531642,55.4612868965743,39.43214749260801,1
44,1,351.13068579032864,244.12432498816338,55.55332473129339,39.35507588915653,1
45,1,356.48381366792523,245.93715596170873,55.785158346827714,39.19307656642497,1
46,1,362.0838773820422,246.73442328182446,55.8997405819849,39.48019404296898,1
47,1,368.1358854626152,247.97611874828652,55.6477132132584,39.7023690394577,1
48,1,373.24813525134493,249.33765589028422,55.73342672478819,39.73758409262052,1
49,1,379.09527900091905,249.88600516829538,55.544574215569114,39.456024830268866,1
50,1,385.15580334706254,251.06385442624898,55.0936085692416,39.30022145787056,1
51,1,389.958638841035,251.70684415200452,55.04922641491484,39.33503205877344,1
52,1,396.19655256313,254.50696353708685,55.08377208626444,38.9611459802592,1
53,1,390.32306263092767,256.37703207276184,55.484408910202774,38.97890223280751,1
54,1,351.3265775305334,258.33527720403237,57.7977144991749,38.97750086224949,1
55,1,310.6192114493554,259.68477837410825,60.14040991836677,38.63401304846492,1
56,1,285.5648432655251,262.2456245248948,58.96541291810752,39.08940910290984,1
57,1,293.0641355348878,264.4956132237062,57.821191820849386,39.14900201778714,1
58,1,302.0503454000169,265.0006044791026,56.86626438490276,39.16406883579824,1
59,1,304.394030648878,270.0245086062302,56.35674079574984,38.38889031939711,1
60,1,308.93873072471666,271.52374131546554,55.71156690902612,38.6137720879686,1
61,1,315.01814719167186,275.2577100440937,55.640719967547355,38.231272405370575,1
62,1,318.92808057719515,278.0636800693032,55.54688831460386,38.16198973028722,1
63,1,292.40185757380203,280.6284756626781,57.56860312021821,37.92296870726424,1
64,1,251.09794625818014,282.9047271268409,60.951885041012765,37.32593443357121,1
65,1,212.7280028601671,286.5777975453062,61.33022245959745,37.47513442076776,1
66,1,210.1955139162872,290.17304186018373,59.06529626791997,37.83099340911579,1
67,1,220.51741962673873,292.2052911073681,57.13836946005406,38.391051456189906,1
68,1,225.1654597826693,295.77778537419175,56.41940611444048,38.53683011538313,1
69,1,228.25003183678888,296.630893810269,55.86859153119519,39.05338464940237,1
70,1,234.0687639724354,300.9213179837379,55.094568727187344,38.851483560460274,1
71,1,239.69817547136216,303.69016565436004,54.9162787569827,38.70112876487016,1
72,1,244.8515579404173,306.5569330277319,54.97813087667271,38.5794891025076,1
73,1,250.27141522053577,309.63059036501187,54.972579982207264,38.238832219085346,1
74,1,255.42108499502663,312.47170444709946,54.90441967059125,38.03761115406178,1
75,1,261.2399679708415,315.1821307100839,54.77587861062404,37.713691516123816,1
76,1,265.8360963629324,318.8429210846574,54.67692169216501,37.49302905997616,1
77,1,270.99497704763166,320.5665924215601,54.672561544995446,37.52259030157612,1
78,1,276.8378798562545,324.02524574489684,54.19097002381905,37.49963799831686,1
79,1,281.6858353358435,326.8444334474567,54.494017652287624,37.68407515041763,1
80,1,286.7016592620984,330.12028115373323,55.041163325473526,37.40822097397905,1
81,1,291.966431239767,331.6351909553439,55.341699402485006,37.15332851003993,1
82,1,296.2550796401557,334.50724793174464,55.12791273354359,37.03002888066373,1
83,1,302.4293343831626,336.0186193972692,54.86780599563765,37.08730804624848,1
84,1,307.34717358646645,340.0972969221929,54.77719804648851,36.75162686648772,1
85,1,311.4497765270853,341.98085864495255,54.332331902189246,36.84477845110464,1
86,1,316.9373943798791,344.5082852734816,53.816366673896546,36.95452699687248,1
87,1,321.71464787279353,347.5752305171201,53.40682390620738,36.662347553907026,1
88,1,327.08632332846526,350.2245031076383,52.85760198503732,36.622522293982584,1
89,1,331.6324188891707,352.30608853419454,52.890236341226476,36.38986577650249,1
90,1,336.4372125329247,355.964574385906,53.1264256116408,36.05595347935999,1
91,1,341.39704649773194,358.75524103664816,53.00779547041742,36.030323341022715,1
92,1,346.7460285931177,361.01867405161806,52.5090528906688,36.268107179094386,1
93,1,335.2388193996114,363.0755398585742,52.94338361593841,36.36920977843895,1
94,1,296.2930546079778,365.4118133498803,56.035154288072675,35.471687448307925,1
95,1,248.3342468124431,368.66107001996994,57.33143961791166,35.654142392735466,1
96,1,210.60719320696086,371.30786672684815,58.399842788348764,35.79804993265335,1
97,1,189.2885860805245,369.72610619170683,56.30008041768633,36.68205812070336,1
98,1,199.04476889211992,350.82632264906437,54.542702511170305,37.44003737639839,1
99,1,205.04152035541856,330.962542962615,53.49255705222439,38.055719307890925,1
100,1,208.28961729160096,310.7177132720302,52.639012353596144,38.57416439462687,1
101,1,211.6239496615543,290.2933334877508,52.11048862397395,39.088832776662294,1
102,1,216.5378602722581,283.7150778521012,52.38694310599651,38.21079147380373,1
103,1,221.5696997878703,285.7522641034704,52.56286139532874,37.785375746730686,1
104,1,226.14893029914955,289.17546316375706,52.644132161405466,37.34226885159067,1
105,1,230.33887357537313,292.6630752083732,52.870329478892415,37.064207867369376,1
106,1,235.37905255363472,295.4198662743383,53.08371656326277,36.73507159344093,1
107,1,240.01777859336585,297.32004660917346,52.66942652451097,36.953532640079125,1
108,1,244.09434005258606,287.93191916267443,52.50920254711062,38.03902596691508,1
109,1,248.5102356048401,267.49827893293696,52.297491436804165,38.856841246946715,1
110,1,252.02135862849153,249.63585725924295,53.099042138616326,37.95477343100465,1
111,1,257.10792272543193,253.1931912379926,53.30808366824627,37.98197931002266,1
112,1,261.26536390972666,256.4348181923399,53.42221645926371,38.07008217470455,1
113,1,265.1050504114753,258.5333726566515,53.61756975123758,38.35768823097511,1
114,1,269.70979035858136,262.35238242065157,54.14808676712069,38.19488080014303,1
115,1,273.58593035567463,264.9656832016872,54.19224689744587,38.2163480475809,1
116,1,278.38073430737734,266.3938649229775,54.21096209126944,38.45483895985873,1
117,1,283.71892013388384,269.425675029967,54.02616377199668,38.370397651366886,1
118,1,286.48096722449407,271.28907067549727,54.098051188676656,38.122684414734394,1
119,1,291.74789456301943,274.9317939624237,53.94321148049802,37.79920912384058,1
120,1,295.8683796613985,277.320971081736,53.826439243639854,37.527155811424436,1
121,1,300.5328568876489,279.77955841303054,53.29655514941538,37.33532723724481,1
122,1,305.5283060452296,283.4529061740376,53.677482052454636,36.98380898421265,1
123,1,310.2258027515949,286.2142523904447,53.89241009510728,37.00962471866528,1
124,1,314.1173538962062,288.3797992118495,54.057343522895195,36.997368241688164,1
125,1,318.8595165246587,292.3169387842698,53.88455600860499,37.01410701066599,1
126,1,324.39835552377883,293.6290267803189,53.901549259754304,37.2155452325112,1
127,1,327.9733621322516,295.0430393768535,54.168303640007245,37.451833689573135,1
128,1,332.3892372004621,298.5794763813114,54.03439991624501,37.467811132531196,1
129,1,337.92365317863124,301.15099607330217,53.29090155518256,37.75988947010729,1
130,1,342.89601007727236,302.91828240011404,52.61078278963858,38.24309139839275,1
131,1,347.8361802326986,306.3251337563447,52.12569661391793,38.158766432513424,1
132,1,352.8422242360052,309.57798848212207,51.92978406812015,37.946194054475555,1
133,1,357.80940569642684,312.3284759305867,51.980011677672465,37.439317344039125,1
134,1,361.11957390600963,315.2049515023208,52.24096235643772,36.970298886423095,1
135,1,365.8250831843115,317.6222969393907,52.160961294035715,36.57412415226734,1
136,1,370.8132062080824,320.93051800379845,52.1360282652927,36.15373505155851,1
137,1,375.46728320377673,323.3632495180782,52.20328149283721,35.90532839278057,1
138,1,379.99118544503597,325.7739587295648,52.19744535596082,35.80823085832663,1
139,1,384.23435587846416,329.27897590636564,52.095828152434436,35.58455152334063,1
140,1,391.022283869163,314.1202676046703,51.40443357392985,35.80835736318154,1
141,1,395.11515257625035,294.36460468877453,51.136741680537625,36.811828733303194,1
142,1,399.37654976541097,275.18756700194575,51.07408276211626,37.28967577444118,1
143,1,404.247581425952,260.22723811042835,51.44606458416176,36.79947731052783,1
144,1,408.5332312735795,264.1506900972934,51.44004389586476,36.38005260391799,1
145,1,413.517977453874,268.22165677594893,51.43545632043198,35.58747923577319,1
146,1,419.01512562437307,270.2971801659713,51.04131008777116,35.38171467656894,1
147,1,423.59044484446815,274.6025706486616,51.13105384210011,34.74267538751899,1
148,1,417.3341477742945,278.2308614757461,51.780416323511915,34.35046455625641,1
149,1,379.3422724856554,279.34945565542625,54.986487457430556,34.12776513236672,1
150,1,333.3774945267836,282.5198594951671,56.06982145134607,34.752521226993856,1
151,1,299.20140140073926,284.67147279828373,55.02319636310277,35.609593445070885,1
152,1,298.0666590166825,287.24582121519904,53.576472196432405,36.520545601871426,1
153,1,308.15400422379304,289.34489168425216,52.637503370346096,36.92033318778252,1
154,1,312.3937619348217,291.46390796044625,52.4901899059913,37.370728083667004,1
155,1,314.9266425551834,293.88377485754836,52.79370757304389,37.37380062872666,1
156,1,318.9122560137581,297.5193406307399,53.10287139533533,37.38536199158435,1
157,1,324.62429555474125,299.649513520925,53.0586694038231,37.42040490979204,1
158,1,328.42267490938906,302.2394950684657,53.09318491785516,37.2929992831249,1
159,1,307.0915127301735,305.36725205057553,54.71368112076867,36.81856747222557,1
160,1,267.45209924493406,306.6540589631894,57.77133957318115,36.332932725290675,1
161,1,221.24091321961004,310.5706743458217,57.326211318653456,36.918141825138406,1
162,1,210.4074496536062,312.0513198632786,55.65352167514845,37.42372014447268,1
163,1,220.36264332730568,314.3425845834888,53.95653802953171,37.59034860963078,1
164,1,226.5405528042143,318.0770049303789,53.065040212189096,37.29050234257792,1
165,1,229.1750201422902,319.5915738807826,53.132074507289715,37.26681969727899,1
166,1,233.73674449838904,323.0818945050089,52.859201242174535,36.85294471088076,1
167,1,239.30621229894638,324.6868269748829,52.643501534309365,37.078732027144866,1
168,1,243.7211748576083,327.7501132068651,52.725426392571464,36.77987877475874,1
169,1,249.34584219803926,329.7358288190588,52.71104177732237,36.46335692270114,1
170,1,253.8580142959941,333.57163698190305,53.110744097831116,36.03271740746785,1
171,1,259.4098691294025,333.9584088520932,52.82825959733507,36.51075569356924,1
172,1,264.76638190182643,337.08843717151944,52.40684286291213,36.703169357298535,1
173,1,270.3054892983891,338.8472716306816,52.22271395388104,37.039240892694345,1
174,1,276.1062561643765,340.60996033460464,51.97779910313179,37.04063359974687,1
175,1,280.24051342486655,343.64679721329406,52.436954298033044,36.55853546492662,1
176,1,285.51907107860194,347.21536347646816,52.45573334633613,36.183573730204394,1
177,1,290.5812065513686,348.0842695064251,52.5635466750948,36.29588364523572,1
178,1,296.2316193411247,350.906988847401,52.70287993957676,36.0216903475001,1
179,1,300.7061204676194,353.4988461901431,52.508593606081895,35.674925487302744,1
180,1,307.37303454485277,351.54590513851497,51.90289007014558,36.117085123136576,1
181,1,311.85173633059406,333.022254457807,51.8178638942928,36.4893452858221,1
182,1,316.2224361518677,313.2182359664654,51.43573053287346,37.36985465009705,1
183,1,322.39245125321554,305.93989311082623,51.41703230802207,37.26720808598475,1
184,1,328.5446552150462,306.2622750510014,51.82429049153842,36.81890050386653,1
185,1,334.35838503448116,309.0717380910383,51.47641573731205,36.47942245617185,1
186,1,338.7593521202975,312.90124849864947,51.225730116094496,35.94242426973373,1
187,1,344.51044634931793,315.7910848110629,50.54841272128602,35.78037068253508,1
188,1,350.0130607314623,316.7453589265117,50.5207802399563,35.846295689628725,1
189,1,356.71347912229885,311.35902753949017,49.846392471039465,35.66444968223871,1
190,1,360.9136869718244,291.9714624038057,49.57253602949572,36.58392046874442,1
191,1,366.0195295290316,272.5612714622454,49.70623551285957,37.279000990781,1
192,1,371.26997541295054,264.8567341224719,50.51627590444565,37.34645903977382,1
193,1,377.50596853643344,265.6627479617896,50.974124023324535,37.000794266640725,1
194,1,383.0020708677782,268.95103891109574,50.796524119851405,36.600006015794534,1
195,1,388.01569502234884,272.4830098224969,50.949600365153415,36.07557730410666,1
196,1,393.5009381214822,273.8377937493755,50.94678174653762,36.05096242466895,1
197,1,397.21759740546577,277.9746461703787,51.44745508759756,35.32306828212535,1
198,1,371.09741414588467,280.0552771417612,54.05016825592968,34.64499329958069,1
199,1,324.5011787031772,282.03061129318974,55.61718900706727,35.01432373787364,1
200,1,289.5863600066931,283.971967870466,55.068126143687834,35.865777205482956,1
201,1,288.775947332201,287.37504527743954,53.78275132215505,36.459479435755895,1
202,1,299.56614294222,288.29478687871546,52.675014444768436,37.22532312414941,1
203,1,304.7210204936552,292.08406307123994,52.57093542069432,37.19691922619156,1
204,1,308.07713111890166,293.30638863818206,52.737099714024694,37.34926773754051,1
205,1,314.3041020922504,296.25102457044676,52.572092474968855,37.187518246210466,1
206,1,320.1091291700911,298.85571376279864,52.45074300068398,37.15207241384439,1
207,1,326.36996806211954,299.8198800646874,52.228934753980575,37.49932426937169,1
208,1,326.5780561349354,302.93378962253627,52.05669964719567,37.55328587343101,1
209,1,291.93762553684985,305.5335430748263,53.75982494248801,36.770539413492145,1
210,1,252.88786631376533,307.8502306566246,56.92711530027812,35.93446601915202,1
211,1,218.67426145251895,311.0772415743801,55.76442786700913,36.32644151716777,1
212,1,223.7123764299116,313.52256778400545,54.83092194939427,36.43369196809527,1
213,1,232.44121705495755,315.67588250910467,53.50045131636781,36.66437740971197,1
214,1,236.80141366087906,318.60914928279334,53.30300255490315,36.534407068053646,1
215,1,242.8735119116795,321.46386657418475,52.54269906630279,36.495759342875814,1
216,1,248.24911507046093,322.75956673524774,52.334335613730175,36.67070428327723,1
217,1,254.87110528517763,325.3926289884314,51.925696637849,36.48568834700883,1
218,1,260.9030249103272,326.85428762160325,51.92085358811141,36.33585459545088,1
219,1,267.45228691328333,330.1570262184573,51.564632476791445,36.118271555337685,1
220,1,273.58787430375855,332.540010660019,51.696972557901475,36.024002672977296,1
221,1,279.9828170927718,333.49168984031286,51.91452850056591,36.11529527235809,1
222,1,286.4656496673453,336.60769737989295,51.629569375588815,36.08910838304776,1
223,1,293.67475909720326,330.39915515808326,51.05457980969618,36.51721825543919,1
224,1,299.1963496184564,310.34189379089577,50.91745135660639,37.81580394757782,1
225,1,304.86574959184617,290.3155247222048,50.78956697531764,38.74157751586789,1
226,1,310.9665249500866,282.6800107460521,51.37439511931042,38.82806758060005,1
227,1,318.36608594947984,282.5508966579699,51.64190634501122,38.086779031224374,1
228,1,324.0945811446058,286.4790799274821,52.323919708421386,37.16996098463169,1
229,1,331.6029172184635,288.29328807454164,51.66227952786903,36.79532219447984,1
230,1,338.43978832399523,290.96529154686135,51.051506524569334,36.67211946431791,1
231,1,344.5743007740242,293.69976743788527,50.83370919409138,36.537301307300645,1
232,1,351.53304337718384,295.39846692125207,50.18102787418576,36.78870438257448,1
233,1,359.04959762379303,297.92315772107787,49.52679129869189,36.806282164026385,1
234,1,364.68830222352267,300.8227347164998,49.871466716847365,36.45040553219131,1
235,1,370.7974539038029,301.95355092741494,50.13762990902143,36.2148577718448,1
236,1,377.2911041276108,304.75069462774167,49.82526194126386,35.9101006484435,1
237,1,384.26030883453006,306.6956077911689,49.481275821492765,35.92695371344995,1
238,1,391.26594904077956,308.4985105587625,49.579593568783864,35.73546507088673,1
239,1,395.74512081600477,312.08220967765016,49.989336833213805,35.28004956016214,1
240,1,369.8592204561114,313.6932956702061,52.766104288840324,34.39455011952959,1
241,1,324.11870728933013,317.1432032761163,54.7433617015044,34.31773915346727,1
242,1,290.3764925063622,318.5421879583139,53.941040473983335,35.03995335230451,1
243,1,291.82294510594517,320.1652999124687,53.59944009201703,35.27065362497941,1
244,1,302.5279630344842,321.90959198287834,52.85613702302504,35.54740194456357,1
245,1,309.3084210354707,324.7587923223279,52.17907493340549,35.52739319910566,1
246,1,315.5562728043907,325.7999433281971,52.19754204223291,35.41751879394983,1
247,1,320.80753748141666,328.4721231153261,52.18177759601789,35.247583867976836,1
248,1,328.2292228942581,330.9011760813827,51.560733049021614,35.08638831718082,1
249,1,335.2455929169018,333.01334547034105,51.2065380019031,35.075265367205894,1
250,1,342.77275568678294,330.68720838021926,50.85715993375949,35.313758858209994,1
251,1,349.1528989506153,311.3532457518093,50.228775147122576,36.42455520877992,1
252,1,358.3339625996654,290.72569986303057,49.81944478505748,37.40756751856392,1
253,1,363.276753941595,271.5233090579284,49.66929472601519,37.69472293858277,1
254,1,370.83516698907886,265.51299739295365,49.61292967535909,37.16233437430613,1
255,1,376.60178934695824,246.50911373393225,49.9961964952448,37.62682013717316,1
256,1,384.5305017217342,244.97360260990968,50.012559625636726,37.31778075878401,1
257,1,391.9155704273195,247.2530834412127,49.686938396412,36.885379784196715,1
258,1,398.61722095349955,250.5365114650408,49.445851623226616,36.4582689719837,1
259,1,405.72778717217864,253.6302633465386,49.21152414802665,35.99385204294193,1
260,1,412.7669908460912,254.87669519589187,49.36071499050924,35.84737453846452,1
261,1,420.7332545444355,257.6308852771003,49.23466418683813,35.71276556669098,1
262,1,426.68743491604243,260.01895715099545,49.217061004354235,35.494948063254924,1
263,1,433.6798217636537,262.4186735850887,49.09026326890956,35.562362710174625,1
264,1,441.06722392382346,263.9988991273623,49.04120605702957,35.5787655208149,1
265,1,448.3116804274394,265.9874672794547,48.82420657823998,35.325459439713576,1
266,1,456.2926762705505,268.8758844614789,48.79784759770634,35.051526629772766,1
267,1,463.0538368432998,270.344810572491,48.83825819506657,34.9345350320619,1
268,1,470.08298149593327,273.44331249450795,48.9815575204759,34.536489012735,1
269,1,474.2498697243482,274.82071916620214,49.28896873149276,34.71320900598607,1
270,1,450.554660772415,277.45638874290927,51.39477588706808,34.13347112896957,1
271,1,430.50809994022734,278.8127097312459,50.657094633963005,34.55542144698929,1
272,1,441.15564005083655,281.32429215318075,50.659568428857796,34.622744083283095,1
273,1,450.1505141963364,284.31441589242104,50.03691989982097,34.4563093374991,1
274,1,455.78913213780464,285.90313059952695,50.09745924729228,34.28862814373097,1
275,1,461.6901368412257,289.0583586866367,49.59780942144375,33.963087702848796,1
276,1,470.07694835901054,290.7676862013924,49.10513311744145,33.90034869659187,1
277,1,476.7023357652269,293.8934641314333,48.83387051966942,33.43417844518315,1
278,1,483.4092660541286,295.7623838369584,48.63623651962489,33.344678782515516,1
279,1,491.83095490698344,297.38567941516743,48.61368248334876,33.22445018827709,1
280,1,498.2416556889804,301.23143874159655,48.41673923234306,33.00573322075212,1
281,1,506.8119501228497,302.39776406240316,48.79719032737304,32.92885660028753,1
282,1,513.5371504192826,304.69239005110785,48.47874106659937,32.98144698814301,1
283,1,520.8317790392593,307.47459684724595,48.268912690171476,32.76810284624523,1
284,1,529.2806502526055,309.0129802744175,47.80815718669703,32.91239197639922,1
285,1,536.564343690917,312.1082466198988,47.49814316621408,32.77665502747149,1
286,1,543.2364002009305,313.9382710582762,47.57444220978583,32.79932776555444,1
287,1,550.4594806027089,316.02119669337196,47.72528057462472,32.606917857743895,1
288,1,541.5721973068231,318.2384708457546,48.67427992091311,32.45127542150885,1
289,1,505.78590484067286,320.4116420294285,51.54939323456124,31.759730608177215,1
290,1,460.46352699640636,322.6324763563604,53.41086187475432,31.878116733366063,1
291,1,424.27454453305614,324.95094774216454,55.24858174530248,31.82092354595577,1
292,1,381.877322246817,328.02945553372365,55.220455516999415,32.310520607033155,1
293,1,346.1686496618068,328.9910566309138,55.73197030371908,32.88593129335962,1
294,1,309.6926361925817,331.1920784360879,56.81710728855606,33.114104758359304,1
295,1,296.6149266229115,332.90973751074824,56.75768839994222,33.64562234626701,1
296,1,306.1675944773982,335.90392436244457,54.75768792656459,34.1175533799654,1
297,1,314.4002646167839,337.1959549157488,53.23059342110862,34.58402676012759,1
298,1,320.56989828182964,340.03173519552246,52.08982767793124,34.72418228029224,1
299,1,325.8377625053498,341.7755500598502,51.30448833001199,35.015407875428174,1
300,1,303.0097890066848,344.25180677339154,52.5246519411115,34.60920439631311,1
301,1,258.4238937767911,345.81673551163357,53.716904437031786,34.718132186705276,1
302,1,222.6313684785206,347.9842605090461,54.75081520202973,34.62189845317161,1
303,1,185.81314557372278,350.12500316231757,56.220802881742614,34.21588402332245,1
304,1,149.50057421212466,351.55618362429897,56.57158494820058,34.45572456115164,1
305,1,137.31362022904264,353.90790519160254,55.65704267327573,34.89901137268102,1
306,1,148.4307679047426,356.7272523035176,54.03243703440026,34.98250943629597,1
307,1,157.68983021349396,358.3837803911193,52.43065038381645,35.215452788070166,1
308,1,164.1038791455732,361.60376716491487,51.41396819196022,35.07783166891519,1
309,1,172.1238655329314,363.46294245425787,50.51183568823988,34.927225106876584,1
310,1,181.09287774380232,347.4801711558808,49.37730476625393,35.08772162208781,1
311,1,188.16733511205445,328.90059617345133,49.29872923263051,35.98369943728849,1
312,1,197.5664996983743,308.4103140500855,49.00164174395083,36.81500602410802,1
313,1,206.05599582090417,288.46920763394036,48.94179508299746,37.25686546284358,1
314,1,212.9339332664602,272.4550723584567,49.48296113121647,36.112894802873534,1
315,1,221.38752525171938,273.4718219067309,49.69295512395496,35.55179744449188,1
316,1,229.80217476989802,277.61917212018017,49.576773687084994,34.980684053726165,1
317,1,237.60544159488444,279.8262111247305,49.18291799273956,35.025061130379825,1
318,1,245.45319527173024,282.1649866287426,49.41771802735368,34.895985387858516,1
319,1,254.29730411486153,284.524040083846,49.38735060659399,34.85257253893115,1
320,1,261.95010081051277,286.7659189341809,49.52125134828714,34.76583184036705,1
321,1,269.2116164837328,289.2546419269792,49.51843503633184,34.83466957669419,1
322,1,277.1888652017107,290.8670022260993,50.04943221402361,34.771895036727315,1
323,1,285.5938472429655,292.7635757331108,49.866257224531516,35.09450644174113,1
324,1,294.5539492547567,295.24613439545067,49.238045388449265,35.35014612466033,1
325,1,302.62350264436867,297.3099674067778,49.15263619528481,35.33714990181078,1
326,1,311.4012532517029,299.05258907103837,48.9725507826183,35.671537434572016,1
327,1,319.4039564067639,300.9363500921115,48.872680170433355,35.93267807400526,1
328,1,328.5219834891796,302.7548653990017,48.59429812474255,35.93858392834927,1
329,1,336.84284915473296,304.6187705451951,48.28416698284484,35.9004806767492,1
330,1,345.08147716285475,306.952315426601,48.132241700854166,35.7323299512605,1
331,1,352.8527533862074,309.64560769033784,48.02933978973242,35.52606664037003,1
332,1,361.5660957860782,312.20143165344325,48.054509695801286,35.217873590105185,1
333,1,369.4776392247592,314.000459763942,47.8326839573553,34.872923486356335,1
334,1,377.8641402989232,316.0092779200442,47.840832626898454,34.59976253883694,1
335,1,386.44699245705203,318.8407955950979,47.9110692438683,34.19034590592308,1
336,1,394.91774084085125,321.10807665520997,48.01071780097685,33.80203069579423,1
337,1,404.2786165662839,322.1775623725192,48.29840391114671,33.5274037388292,1
338,1,411.73892771676714,325.86622932621253,47.92860577552452,33.36098873479341,1
339,1,419.07134310556785,326.54234376390156,47.89232171270573,33.50267994722965,1
340,1,428.28112198851875,321.3188219707775,47.384100845607705,33.94441919693002,1
341,1,437.9238331146683,301.79173399881023,47.24372482743949,34.773131273676945,1
342,1,446.1803710654385,277.8195589777129,47.1164788514361,34.80607765986579,1
343,1,454.1818240879311,275.11845000705875,47.55372211370198,34.05153157071753,1
344,1,462.1200805927601,278.5543338795814,47.698556149942455,33.653457673328525,1
345,1,469.3364362316309,280.935584263093,47.3360534217003,33.53823902987096,1
346,1,448.0101250372121,283.4392823449865,49.03574536009841,32.761558140894735,1
347,1,404.3553075650003,284.3851695348068,51.12439489192434,32.84145975326622,1
348,1,369.07996211454656,286.00837682889085,52.7999332049412,32.90006621269028,1
349,1,333.6432021542302,288.04415308141,54.13838842830826,33.01058110190849,1
350,1,320.3484863466741,288.66068724543743,54.64599287972421,33.549315676075416,1
351,1,329.0724130755792,289.8981207802307,53.32376121756834,33.875849029538735,1
352,1,338.4947253056758,291.1971086455856,52.24777536821495,34.06629898280413,1
353,1,345.94851154111643,291.0152170061398,51.442177384638356,34.24939978136057,1
354,1,352.82098646912453,292.3939780215337,50.424284031918106,34.50271721285299,1
355,1,361.0748034185876,292.3131690844913,49.589883165218566,34.80231550335496,1
356,1,351.4284956164805,291.935695021581,50.54471304860748,34.28259207461007,1
357,1,314.40080692036133,293.0730836963221,53.91469615373643,33.69590910264557,1
358,1,269.87082812504246,293.3386844008095,54.04650738206949,34.421019348715355,1
359,1,236.01731517536416,293.15895884858946,53.425827898125334,34.86870162929331,1
360,1,230.69699120878428,294.07743374507794,52.590226136460906,35.32341142989858,1
361,1,242.52004829936428,293.7186119063272,52.408421647683724,35.29074718980506,1
362,1,251.81384203011137,294.0004778757489,51.21326544534478,35.419252508919165,1
363,1,259.0290058978145,294.1920819916726,50.75188702787065,35.44489521515351,1
364,1,265.96770493083835,294.8651224791838,50.38487542880301,35.47635518613783,1
365,1,272.8451733384004,294.44189145444886,50.03994609048554,35.48075023235759,1
366,1,280.7585236533974,293.9852379957559,49.41883189390212,35.44185453162156,1
367,1,288.4036591249303,292.93880772306574,48.70617001303111,35.457330605108545,1
368,1,296.85540021304075,292.5338075944475,48.20453186146844,35.351135052503714,1
369,1,303.78531160325144,291.4034768780016,48.17352454125219,35.054730044813375,1
370,1,310.89267347454427,289.23558410344134,48.483836656820756,34.254974631714575,1
371,1,317.9680584410641,287.4791194868811,48.88660027785825,33.98920899674735,1
372,1,325.610644795322,284.6216270969049,48.632058634711115,33.752136415097006,1
373,1,332.5234466013402,281.86565719493547,48.291695958953994,33.69331024689834,1
374,1,339.6777561782307,278.6764569955329,48.049435371457164,33.25471550181321,1
375,1,346.2184045012645,274.43892402034334,47.80099490367328,32.82642966843979,1
376,1,353.46590549387804,269.924785605776,47.238093214466716,32.52765819587773,1
377,1,360.5305668585524,265.11935218004396,47.05354129810634,32.46326927189017,1
378,1,366.6321727656463,259.2411917688948,46.93823822873047,33.27132311115621,1
379,1,372.1584108687964,252.76008648899943,47.100433157379,33.89711456541717,1
380,1,378.67086387928043,245.8035763332587,47.40235609301497,34.607750881842506,1
381,1,384.4111075217445,237.9520771566793,47.44279051524019,35.456819715347905,1
382,1,374.0121030289932,231.77540669252164,49.05398042420477,36.01102829655633,1
383,1,331.9371740636096,223.9619786787981,51.35966110887816,36.84377688686967,1
384,1,286.34119120855536,211.52251313112592,52.77764763197494,37.20492958560755,1
385,1,254.87008640390033,205.19229678104875,52.124619509351376,37.64692032256607,1
386,1,254.9054294778987,195.29263962863325,51.17285625058726,38.65575878206018,1
387,1,263.25029754920644,187.61405202959583,50.67999854119935,39.47594190707593,1
388,1,268.38464508509287,178.66088366613488,50.05997461963396,40.02806873409548,1
389,1,274.0155477796531,164.85926624392147,49.90567026048174,38.74354913821469,1
390,1,277.37546248505186,157.12014675910163,49.467307333754064,38.435488402349016,1
391,1,257.05983125623123,149.70788574417014,50.83037750013561,38.53312559029304,1
392,1,211.27998184360857,137.34212785295676,52.39578311249029,37.81117686466315,1
393,1,180.81891519759355,130.4476887109313,50.94182158640507,38.829055240266825,1
394,1,184.5912862904512,120.8806855296738,49.67887680974741,39.78939941711287,1
395,1,194.50108478091124,107.6743877612238,48.75551434115641,38.566325245760915,1
396,1,196.08307624312755,98.99593281603859,47.95830025369888,38.55682201967625,1
397,1,199.03353216522373,90.81819360059153,47.211620911490186,38.21444164014557,1
398,1,203.6685916714152,82.56567800421477,46.48079709564047,38.65501780055043,1
399,1,207.55961224077524,73.93625284035859,46.1703006995046,39.21405619283801,1
400,1,212.74639067570948,82.14787691094766,45.72416539946032,39.49985918386201,1
401,1,217.7350345540415,98.55491199010491,45.26226422421719,38.23377600980043,1
402,1,222.51943789736288,112.25171978952531,45.19903367130249,37.293441813547545,1
403,1,226.6789527155203,124.21776415354705,44.5927158460533,36.72064225481556,1
404,1,230.24005499057313,138.02887078130166,43.95747075334509,35.895803724648125,1
405,1,233.7924175506102,152.0987728252311,43.82054529681464,35.05910213007543,1
406,1,238.4555674790825,164.88022385115315,43.703199297291924,34.637603276473506,1
407,1,240.98447502405156,171.10025554026427,43.34396828709624,34.32609614977712,1
408,1,243.6829789928641,162.67112685587378,43.304016013533676,34.97820155627785,1
409,1,248.3009737736961,150.3097621738785,43.10318556289262,34.254554119731274,1
410,1,250.22758148481682,142.07331698927806,43.208297434047125,34.48472865336089,1
411,1,254.3807939815015,145.68244692400424,43.32134513507477,33.90580441623271,1
412,1,255.86694797756783,159.35990893894507,43.524338217923784,33.642217590330596,1
413,1,257.42428041708234,172.47096928029669,43.45301402187822,33.176888976108785,1
414,1,259.83665580865903,184.8973757333906,43.424921277817795,32.87892950925202,1
415,1,261.89937539557025,199.45831376275459,43.03821444194702,32.83123977559727,1
416,1,265.77991655331044,211.72291523820076,43.490233513490594,32.76884705114536,1
417,1,267.2341046583588,204.4409401321456,43.33887253166545,33.35065576850469,1
418,1,269.817291124971,195.97090774655481,43.36701673406107,34.29800184309207,1
419,1,271.426721464869,187.14638477631658,43.410030014760125,35.02297170324626,1
420,1,273.2357259560607,178.38049371844016,43.85880303005731,35.561294117461,1
421,1,274.64945115877697,181.56491152856665,43.72699199649678,35.20495210759007,1
422,1,276.2981103794046,195.99113204143254,43.3282402781114,34.835442218943285,1
423,1,278.50754987679653,212.83001413009725,42.950382630373376,35.347035799182215,1
424,1,280.2782489356868,227.3160392991429,43.11439356258067,34.266207461213035,1
425,1,281.97770477092246,223.43260610968258,43.296216383457605,33.23530333995055,1
426,1,282.2943926491926,216.71127274812844,43.70969881840742,33.038242470590546,1
427,1,283.0848589675065,209.45774253912916,44.37679779799063,33.22382881327171,1
428,1,284.0309971966876,202.40186804165853,44.80509466955394,33.32672961790536,1
429,1,284.48337964711226,195.18847031595215,44.96327227358745,33.63496332462819,1
430,1,285.73275588914777,188.86805091841524,44.69957595139695,33.47260521265855,1
431,1,287.19324293931913,186.2533735106515,44.502629961558306,33.43725723124996,1
432,1,287.4754709712905,202.81500929102566,44.392974622598814,34.31518730014035,1
433,1,287.86862057424537,219.77261394829694,43.837524101596,34.83995753882044,1
434,1,288.9803467978768,233.89920232474103,44.06909065152563,34.067688226117816,1
435,1,289.8873488864701,229.87221198840376,44.057669572750584,33.40040215227131,1
436,1,290.09452775708655,223.44820873495775,44.35355064587162,33.716589315596465,1
437,1,290.64417623386896,217.08664785026338,44.49277312246728,33.89651249947494,1
438,1,291.2795146300259,210.76775623210034,44.601463085638855,33.76861923738795,1
439,1,291.5632961987565,203.88622475723577,44.522267446098724,33.918563061750866,1
440,1,291.2889238722277,211.8508511338389,44.6608788267469,35.59211830720186,1
441,1,291.45705582801304,229.50594389655515,44.84519532613357,35.69512934549002,1
442,1,292.15684719425224,246.5160669840645,44.95082871532871,35.3177664712526,1
443,1,292.47383739578856,253.09298653641633,45.02288464152553,34.66607122641223,1
444,1,293.48711383924774,246.95716546214788,45.08990413276567,33.979330768442765,1
445,1,293.1339602704231,240.446488738852,45.39088350328128,33.892054988349955,1
446,1,293.6796463894702,233.84276914345693,45.558314990429736,33.744114120851535,1
447,1,294.5866698288999,226.20841127965195,45.90715187011515,33.95493418806109,1
448,1,294.40058797264044,218.7290417055531,46.04156329405423,34.16707509254543,1
449,1,295.0449019937863,211.52287866891504,46.21948250251006,34.14135471043822,1
450,1,295.61038778272854,204.2565012635801,46.27531176214248,34.24508387108367,1
451,1,295.88864087905085,197.58593315925776,45.9052594781797,34.274974161454466,1
452,1,296.5053644938954,191.12968309593066,45.625812185071204,33.95049861824784,1
453,1,297.39406774097637,195.96662583550554,45.327691884757,33.952094935362695,1
454,1,297.45733261736865,212.2161951118143,44.81087810034281,34.50510710906353,1
455,1,298.2041793064476,228.1931802872578,45.07119432663895,33.7633388303201,1
456,1,298.7460632888994,222.28481079636316,45.30931826561269,33.5817839354614,1
457,1,299.2434164726057,215.8017428180007,45.24469350411126,33.455690049046716,1
458,1,300.72805306681744,209.6504011805173,45.0475257710864,33.425264422035966,1
459,1,301.3480429625847,203.5328905494107,44.89532323651744,33.56740066685415,1
460,1,301.7208996702759,197.64691801958037,44.88500137835172,33.49572924091912,1
461,1,303.2524322621109,191.42132740183808,44.51924926497898,33.70065174074695,1
462,1,302.81429372580203,185.84574119634948,44.68547110554871,33.379186975210466,1
463,1,303.60402170416353,192.7869767949589,44.651570144362495,34.08478569376315,1
464,1,305.1299571267019,209.50131120812188,44.47557834858681,34.409786606206694,1
465,1,305.56399970062404,226.85810861098904,44.31390438362307,34.96991158807001,1
466,1,305.8956340208039,225.8891064427978,44.431553089740774,35.10966620292541,1
467,1,307.00278546046025,220.26773296836706,44.52745590844138,34.50283524803933,1
468,1,307.4480190323001,214.43917727587566,44.740438943861754,34.04067153994349,1
469,1,309.45264719333204,208.9848991903163,44.776511238893875,33.179872890810785,1
470,1,310.6618772759276,202.94845709705146,44.63461781755338,32.98751354706699,1
471,1,311.98662091885444,199.16647149552975,44.356045229346876,33.14050023396663,1
472,1,312.85644731290836,214.20893992296908,44.126532741036016,33.44080965594347,1
473,1,313.6483290264715,231.92806913619398,44.53843772516456,35.17834392358542,1
474,1,314.26766603598327,250.1722109281401,45.062026169710734,36.63510962558192,1
475,1,314.88760051486605,263.6103337537133,45.666337795899,35.81599478803416,1
476,1,315.7795073675497,260.2647413327127,45.733498888734246,35.17687834524527,1
477,1,316.7913879529756,260.1030551850895,46.096530616060605,34.977194431404314,1
478,1,318.1606643348809,259.18963830094464,46.41715691986171,34.79106371261818,1
479,1,319.2093653359956,258.85688194738407,46.5325375390159,34.61881060686549,1
480,1,320.241393878599,260.53961278138274,46.5496231177648,34.17783390705355,1
481,1,321.3169281907019,262.6279585286591,45.95886736072359,34.075081259088954,1
482,1,322.1298160435939,280.58201057961736,45.21895829693784,35.89925788837369,1
483,1,323.91823736487504,306.718789731885,44.296051802065485,35.58500820810592,1
484,1,325.33604748155193,331.3420634807525,43.76610349902482,35.03222444328122,1
485,1,326.47994493709314,337.33955321625587,44.028679281149145,34.039670166061015,1
486,1,327.93003436685217,338.8883946663721,44.53279181300374,33.24992107320153,1
487,1,328.3414992786225,339.6952236305398,45.00792145296402,32.503488613025006,1
488,1,330.22178361614294,340.70105631226767,45.37828653951988,32.08812516283062,1
489,1,331.57140924770704,340.8527351824124,45.45240411184092,32.028067532642794,1
490,1,333.622406453427,342.05469852054466,45.64957494927177,32.013881561868445,1
491,1,334.93059471100577,343.2624479998599,45.85978801846491,32.31459559113776,1
492,1,336.47048545159555,343.55080486970604,45.7618395183949,32.68851376796844,1
493,1,337.3844046786853,345.5731801926113,46.06820735922879,32.35826259572965,1
494,1,339.2353100661679,345.86104258578195,46.507548012486225,32.26072176434247,1
495,1,340.1402632874689,348.31680229065955,46.27385194948491,32.1003605920446,1
496,1,342.5006555904241,348.5423968960877,46.40266241345961,31.95907667179186,1
497,1,344.4174670092852,341.02449386896086,45.229828588646456,32.59908118185615,1
498,1,347.10101483891265,322.01433217032366,44.71115641037904,33.94821240994114,1
499,1,349.7775861870538,296.82858260420664,44.618074501297706,33.620645380065795,1
500,1,351.63311613528595,277.63486917740227,44.600265737798566,34.82683978128199,1
501,1,352.9380880690562,268.78091693944987,45.15918826620822,35.3190841619719,1
502,1,354.5535338711367,267.6772420496893,45.826614475920536,34.686306473383894,1
503,1,357.45752274431385,269.59990133964715,46.29815867170502,34.12635967386373,1
504,1,358.5264222258732,270.7727634131817,46.538062898436124,33.91360991300983,1
505,1,361.4257266731742,272.7160693454109,46.75015756752427,33.4006469304636,1
506,1,363.96431055876315,274.48154753902185,46.97739977712039,33.275272494383096,1
507,1,367.3661968450833,275.7924091425911,46.66100818592537,33.47562179319546,1
508,1,369.6775189468511,278.00012864952913,46.2287397872909,33.81938192177548,1
509,1,373.13959435148394,278.54227404094075,45.86036509725743,34.094367195241986,1
510,1,375.1891380457093,263.00359879647186,45.31680968741391,34.39894203415536,1
511,1,379.1404776487936,259.7398860766716,45.81961658811778,33.89362211242765,1
512,1,380.919348024177,263.5868598381273,45.9403958015691,33.552258951546385,1
513,1,384.0120737698188,265.54683382720384,46.32979916105456,33.46038733600308,1
514,1,386.98602133476976,267.3712083956795,46.4421190274905,33.451008878907174,1
515,1,390.30792632876995,268.70209745363206,46.41164894046062,33.67917603163299,1
516,1,394.3022178115787,271.89408357585194,46.73019964946471,33.4978633941269,1
517,1,396.5323958150001,272.43784734592805,46.75128370991317,33.540050104539176,1
518,1,394.2773454883101,276.3551799114596,46.78692900669523,32.88747907061355,1
519,1,359.1151725720017,277.9742002392393,49.93345654097226,32.330762897018346,1
520,1,313.25811650571745,279.48579671260825,52.858551949907955,32.31966254061244,1
521,1,279.99118529273613,286.92089938609433,53.516445442765104,32.639534975317474,1
522,1,273.07526245951016,283.7223550005572,51.73747319997635,33.42015913152363,1
523,1,282.60513512203374,286.0952077556989,49.77810781877676,33.92905796083985,1
524,1,285.6214818151996,289.22328675636663,48.94949310676147,33.98021435540892,1
525,1,286.5792537291065,289.8566278806755,48.18234791671931,34.38668658009589,1
526,1,265.18240037588174,293.044300511887,49.85407967810041,33.454972966690235,1
527,1,219.9947892923185,295.7580155768019,52.3839649311644,33.26488662500738,1
528,1,177.06422236479108,298.1007739447934,52.29098959432474,33.0387805564438,1
529,1,134.6377618241523,300.575496620658,52.19485977228196,32.88633752023589,1
530,1,98.79207393576557,301.5908529383418,53.99572498997341,32.563920945430354,1
531,1,57.91060655280506,304.6478791173555,52.07278481692959,32.78867283239805,1
532,1,57.35286610369495,306.17654492275125,50.16733113339322,32.93841014174215,1
533,1,66.60263130177395,307.71389920139313,48.333602739188336,33.128278257966045,1
534,1,70.00230098989464,310.76011743172387,47.582715263429144,32.57860884518663,1
535,1,73.30507661878802,313.03147538056965,47.27002165258452,32.21790169078122,1
536,1,78.1127773600841,315.6529565512722,46.449021338815626,32.07539415665763,1
537,1,83.87129515401324,317.4268986468773,45.631899729534,31.994005717782038,1
538,1,87.21342702814529,320.7738091151874,45.38794788999181,31.665424401370508,1
539,1,93.2190851509375,322.34406543067684,44.730806258360005,31.669130215215876,1
540,1,96.45456398909852,325.2200392294384,44.82007263828187,31.141806774644735,1
541,1,101.61522950378706,327.9437834697738,44.62528656129738,30.799905776426233,1
542,1,105.80596526078968,330.3277714880269,44.81150780394498,30.58358789345403,1
543,1,111.1818321119186,331.85262953089745,44.550721825075826,30.479031004566586,1
544,1,116.06472367412617,334.3310946745864,44.22898186014553,30.323130876185232,1
545,1,125.21979884448892,336.6259042222022,44.63738696985947,30.247092580056382,1
546,1,164.56382762793146,338.8742190126289,47.40595629506424,29.69461630807146,1
547,1,212.20466428480105,340.49627509766015,49.94393935339534,29.916778161064904,1
548,1,260.84293153831896,342.86761762337136,50.69361944596892,31.036442619835377,1
549,1,271.3113318731861,345.16955279249675,49.43278122435483,31.878449356779893,1
550,1,273.07265837957635,346.1309556611945,48.668033456401524,32.7524478090664,1
551,1,281.0093235374944,348.15592810643193,47.66773475677633,32.919608307232906,1
552,1,287.697350429312,351.13426814101825,46.96389452752353,32.67154926314567,1
553,1,292.9361966335948,354.08450243081944,46.0673607569584,32.57352561838829,1
554,1,298.43208001818243,356.3366106626293,45.670396844228485,32.39214746119558,1
555,1,303.7925926948029,358.18058184474285,45.03531662038205,32.40734392524615,1
556,1,308.77067914449873,350.0708196727437,44.58252735746497,33.387864134112505,1
557,1,313.0782371486143,333.2118283804621,45.039923022207496,33.47598679435925,1
558,1,318.3064813743395,333.8845764048403,45.35537575575457,33.48558041006218,1
559,1,324.06678022972267,337.0087827998595,45.2950098259942,33.05816771920594,1
560,1,328.40431956510884,338.77025680353717,45.31218426801473,33.00585464913695,1
561,1,334.61302241952404,342.8786090724022,45.10346348044906,32.60179840776307,1
562,1,338.8223187047074,344.6273313008077,44.86993522587815,32.48733954284045,1
563,1,343.8310713171542,336.4905578561196,44.17394794532052,33.4977095141869,1
564,1,350.159857560644,312.69987922841676,43.93304625759634,32.78386642169222,1
565,1,353.8890851261911,294.9243134924648,43.82532774454408,33.603522063518014,1
566,1,360.3507626000709,271.5414572773815,43.471660640107324,33.189733913850624,1
567,1,363.9757167908883,254.18337222171715,44.10116443269732,33.75152704153676,1
568,1,369.8921485120791,253.25938205900027,44.586700419637054,33.37965730364654,1
569,1,375.1552370731861,258.1821255444634,44.731515195006104,32.500334921648474,1
570,1,379.83940343737953,260.58106204765,44.79643289386524,32.401106553336774,1
571,1,385.9164895192263,261.92395940287616,44.52330130329183,32.555375414814435,1
572,1,389.7998140302064,264.94686909442197,44.6296314454552,32.270685887832464,1
573,1,395.3019388095065,267.0528723601142,44.4071907400044,32.1157829903286,1
574,1,399.8610084921171,270.32402502449065,44.77987225948779,31.759930527176284,1
575,1,406.163717093837,272.8829506852887,44.348813423967826,31.680610032148834,1
576,1,411.3478241893011,275.67538389427585,44.126590558418144,31.411685901619506,1
577,1,417.30774901451855,278.2716892127327,43.94209914620342,31.172164025081816,1
578,1,421.74582698191585,280.62206177622863,44.093545407148554,31.057741205676606,1
579,1,427.692419302273,281.8463617985542,43.80230473616089,31.39434008795115,1
580,1,433.4027783693334,285.09051942225295,43.481533577747946,30.954875853737214,1
581,1,438.87032381889054,286.48460430453645,42.99720161265479,31.0697791616037,1
582,1,444.9481418397935,288.75306327145995,42.56267305375903,30.99773454166054,1
583,1,442.13247673695685,292.5735554847428,43.20000282455683,30.238252743421143,1
584,1,409.7067384877416,294.1434118353787,46.03724668748927,29.483617041813776,1
585,1,367.9522312846957,295.8954403529524,48.483364365065434,29.259109605360194,1
586,1,340.5010119677188,298.8548115290392,46.80469109106026,30.209418232800935,1
587,1,349.3845930708313,301.4760723146684,45.60386647028454,31.095560201428952,1
588,1,356.67392696708606,303.412275711389,44.7364604270425,31.66123705666935,1
589,1,360.27794850252286,306.0340605373922,44.15749860540598,31.805437103759708,1
590,1,364.5694089029806,308.2499034585306,44.15113687126296,31.955135920296332,1
591,1,369.7620438301984,309.41282049654643,44.09277512839962,32.09034424843949,1
592,1,349.4857373957615,312.6203463930719,45.99235760176566,31.483158075047964,1
593,1,306.59230615561864,315.0029502435517,48.80137584377009,31.230371505222404,1
594,1,264.36209704473686,317.3072137279099,50.14788720518203,31.416085964881123,1
595,1,224.2973027235929,319.86160126604017,50.399607195126265,31.577216932627028,1
596,1,192.30831810782394,321.07023970283154,50.24323041836341,32.0530450891041,1
597,1,190.87881530353263,322.6504119022459,48.96604847354027,32.65467979336378,1
598,1,201.09826818220645,325.0009215663002,48.159175110601765,32.697593189254256,1
599,1,206.94171553812973,327.91572543354266,47.37014950886267,32.64309045431152,1
600,1,211.4263843981646,330.0042202614258,46.95070707535294,32.722169981894766,1
601,1,217.65700381756858,333.2671598297991,46.33932938156457,32.35417305874081,1
602,1,224.00449052672238,333.3079997375545,45.89262599804697,32.45903667808827,1
603,1,229.22397468736972,315.56863435404784,45.53729682164976,33.30637019778713,1
604,1,236.80072643591478,292.4465718651834,45.05610987576815,32.894355801736786,1
605,1,241.36026918394435,284.5430260882316,45.42583682630324,33.70547662962716,1
606,1,247.6881094015862,283.36108479987035,45.66983366763088,33.391721867711375,1
607,1,254.67601925789242,285.55449095758837,45.044995667359714,33.21775344723381,1
608,1,261.0657877990632,288.77729616702567,44.788345814937664,32.80190434275135,1
609,1,267.8576125270597,291.5083550235945,44.43542069366136,32.587437252935196,1
610,1,273.72571084159154,293.9373948088189,44.23230798030815,32.336168729086744,1
611,1,279.8280984091314,295.7353181733476,43.85646846839731,32.354981070998,1
612,1,285.98062221484685,297.7430279936651,43.94349448825311,32.12601944580473,1
613,1,294.24678488480146,296.2184864135882,43.7594567307414,32.23232974066319,1
614,1,299.84297090625216,274.2545371774567,44.04665030826234,32.110175570103934,1
615,1,306.56643337619613,271.2854007552171,44.45223772799348,31.745653958101187,1
616,1,312.7679914587577,274.0969615439903,44.609260265262954,31.487217915985763,1
617,1,318.97923412024454,277.87513253503585,45.20875332058522,30.931415236720575,1
618,1,325.1591043820435,279.7787570101566,45.40715832005854,31.20293120194538,1
619,1,332.3632332986395,282.35095316417915,44.92442996684705,31.459292391977634,1
620,1,339.1294697890268,284.3955915133991,44.628004730823406,31.591945720545844,1
621,1,345.8142184675101,285.167436959173,44.27988207631044,31.885120015689267,1
622,1,353.5234693151772,287.93891168443923,44.06663779674771,31.738190977601953,1
623,1,359.7622132241348,290.88499289087963,43.62384846516055,31.54164004161931,1
624,1,367.069308003087,292.92057734370474,43.43717012246621,31.645150415296534,1
625,1,373.6544362724232,294.74211550102854,43.196145227470524,31.711246349489187,1
626,1,379.9194125416397,296.77968550831054,43.11966959486031,31.62351902604155,1
627,1,386.52834520215845,299.0489139389241,42.861223524311086,31.653022903950117,1
628,1,387.54796645817385,301.7716731415943,43.6466169947937,31.199445473798907,1
629,1,354.8619878379234,303.28196159324204,46.4063649152263,30.48404006021908,1
630,1,311.3228661436608,305.8418348707904,49.808872830118645,30.14147799151152,1
631,1,271.5849234150135,308.6141130236971,49.39515562628035,30.950635674955905,1
632,1,266.88997493019247,309.72078081173566,48.169952689001036,31.87962073181334,1
633,1,277.4165455121646,312.22876695517687,48.34206939859199,32.02960398844901,1
634,1,284.77751571646337,314.1408818863763,47.28854501324885,32.5775994106266,1
635,1,290.93493689751784,315.7208200880958,46.438225012895245,32.9259918403479,1
636,1,298.73861453391714,300.59591112425176,45.28897387370262,33.35169782955954,1
637,1,307.18218916907205,281.62297991190076,44.65640986950605,34.43579725377326,1
638,1,313.11241312801695,257.9566805255568,44.73095664918706,33.19817507919546,1
639,1,318.768823569265,252.65187470844953,45.06400216073396,32.470072518158574,1
640,1,326.2409267064451,253.18169015953342,45.148996440267794,32.0254937199871,1
641,1,334.510849051212,255.79982546976393,44.79614439599767,31.94908943253388,1
642,1,341.8087933384298,258.66373364055573,44.27288288912803,31.993934776893916,1
643,1,348.1967024349668,259.8005221820274,44.175513373116914,32.14404801301174,1
644,1,355.70079713131776,262.68869136994414,44.04542819031498,32.03239965487858,1
645,1,362.9289059744422,264.09983119554505,43.72416209555774,32.33095101640257,1
646,1,370.07116644761584,266.0045044858124,43.775080831217366,32.14182462019405,1
647,1,377.3997782676629,267.7538310728143,43.82492181972433,31.98652805553465,1
648,1,385.0162500159582,270.63894641218144,43.46359468665915,31.726335275817725,1
649,1,392.03271268391404,271.70815995464534,43.23331217301299,31.674736184282857,1
650,1,399.9911308964056,274.650980073716,43.79204070469493,31.313971587010663,1
651,1,407.53719987516416,276.03696489310335,43.454787467026456,31.385071501611264,1
652,1,415.32054102498216,278.8047261431086,43.2130620613113,31.21050662412882,1
653,1,422.6728171005076,280.62120766840314,42.97861603513837,31.418753461997937,1
654,1,430.38061290470523,282.453097531974,42.87904539231932,31.389377202034687,1
655,1,437.4730192828018,284.7149250154322,42.440486603411365,31.286812837992954,1
656,1,427.5516732500165,286.92131035742295,44.005930286413545,30.58056891029809,1
657,1,387.0521793535977,289.47096944436066,46.35148332583324,30.01958558291924,1
658,1,346.41264689119225,291.24528587497036,47.75240494009719,30.450772973164653,1
659,1,324.72748265139245,292.60032631430465,48.467208212177326,31.149565652540534,1
660,1,333.0421540118045,294.56480202906357,47.16214718385807,31.834821013946737,1
661,1,343.1409967874769,296.0842738617994,46.086810417913625,32.06548322349042,1
662,1,350.0207633973014,297.4129794189366,45.07058240456358,32.24813663482028,1
663,1,357.6639376943427,299.5876845445525,43.87943625646484,32.27590314521565,1
664,1,365.8057145616475,301.9396741635873,43.683212386357184,32.18440788541754,1
665,1,373.47561748297363,303.0382717212064,43.82065664288702,31.90270876188621,1
666,1,370.8499155137391,307.1222636425034,44.39432906737898,31.166762272807784,1
667,1,337.33532983734256,308.53832586293527,47.50987661035762,30.341465901630958,1
668,1,294.7364091089637,310.25343294763735,49.71146409983019,30.3432027782168,1
669,1,261.2277262331005,312.11035372698205,51.36379384081444,30.236107416274237,1
670,1,254.04772976996585,314.00572183178883,49.48925345714717,30.934283312220984,1
671,1,265.21563723947804,314.9027272695783,48.86638445623319,31.32948595097002,1
672,1,274.2760038547202,317.2216106154726,47.761005382242914,31.71328088180093,1
673,1,282.508145518554,318.9046499928292,46.527401566599295,31.882619922269143,1
674,1,290.47260616924484,320.8011686682348,45.810117762165845,31.8864020199289,1
675,1,299.340775623368,322.22977386167065,45.783383117225206,31.569329639267558,1
676,1,307.59002879302056,324.8702408178469,45.33920188167983,31.334047162767227,1
677,1,315.4984135455432,326.37377127790876,45.799022723924594,31.02111928593262,1
678,1,323.6440750898241,328.8567248315711,45.28512635502824,31.209246793170937,1
679,1,333.05727914758046,330.3632082031877,44.945063530653314,31.30367450680118,1
680,1,341.8462182314804,331.2924572959821,44.449203261412954,31.47527261370807,1
681,1,350.64866028840515,332.2311411394939,43.95822219321781,31.54431176796257,1
682,1,358.9293739255925,334.5508684951693,43.560985211201576,31.44889869021767,1
683,1,367.9930211339203,336.6113051681098,43.61037803514652,31.164449933493717,1
684,1,377.04107799639297,338.43490929820814,43.40915986378999,30.911036209887644,1
685,1,385.2777462777217,333.0878386077556,43.06457696324192,31.269946763461213,1
686,1,394.1915475339996,310.79702557759515,42.56328937683358,31.526861977834844,1
687,1,404.57136674090526,292.66782294408574,42.32339965076647,32.58803213743187,1
688,1,411.9971890367176,269.3331235397426,42.072259934324904,32.070171272045876,1
689,1,418.88687050283403,254.5474658846002,43.065367476335155,31.870871958307212,1
690,1,428.14926360861523,253.6849005130368,43.72417120007553,31.274160030993308,1
691,1,436.2421573367992,256.5203293119975,43.82473780864895,31.029237224636812,1
692,1,445.59643985396065,257.8532568919744,43.88666723538564,30.83380075631822,1
693,1,453.9115649032986,260.52498747318754,43.339320045034924,30.864986257557664,1
694,1,440.6121997024301,262.9452188883438,45.943160233759244,30.16273467755036,1
695,1,398.69082403289315,264.38364453171704,48.28810120906361,29.940144503016995,1
696,1,358.45662354333325,266.699955409681,49.03051189277319,30.490939590503288,1
697,1,338.0815356983052,267.46063573272534,47.96380068097389,31.509361468523593,1
698,1,348.4570208352643,268.95610208130273,47.12645993891607,31.977926938406746,1
699,1,358.56263447544774,271.3089670422751,46.56856441514092,32.24018026231157,1
700,1,368.1098105952457,271.8063758589178,45.75065374964173,32.46381353291867,1
701,1,376.84110139414923,272.7724223899339,45.05533747165884,32.50791222999597,1
702,1,385.22803119486235,275.31216195231764,44.854256572014876,32.45603959250275,1
703,1,393.70309146807574,276.0659182224692,44.650500619093926,32.354561760222715,1
704,1,401.828166679877,277.6961809621783,44.05512867602124,32.49571531980603,1
705,1,388.6297079269049,280.4287005360654,46.66360547761967,31.431295678867748,1
706,1,346.20661491096905,281.6454737637514,48.683032171112416,31.27283705690023,1
707,1,305.41612887920826,284.1244774440092,49.10087252076692,31.21648918506263,1
708,1,283.094768911073,285.6332121623639,49.94085426734016,31.432445127152587,1
709,1,288.7757945419634,286.7974114950083,48.09743780170186,31.5671025493577,1
710,1,299.5003265451617,287.8457118146091,47.46394271925543,31.654798518127308,1
711,1,308.245062399948,289.618831363301,45.91692153305938,32.27933817211682,1
712,1,316.2762799130712,291.0627259812668,45.749432605140534,32.02520758372253,1
713,1,325.2613754682681,292.5400828389791,45.77439492187076,31.709376982158915,1
714,1,334.2622643490463,294.5163413719148,45.263458072179674,31.70878733976471,1
715,1,343.7120219017613,295.28188144458505,44.96776948957676,31.740453361607152,1
716,1,353.12384926233534,297.4112922632827,44.45660141698827,32.10879322705001,1
717,1,362.74738096241606,298.7558203991997,44.225349936992906,31.96898278956653,1
718,1,372.01670659603957,300.01885434468596,44.11477827484836,31.83768218298738,1
719,1,380.72470479108586,301.8386482551226,43.44059172972648,31.95195388207251,1
720,1,390.19703227661853,302.70703168623635,43.549161322259785,31.600862092515044,1
721,1,399.5953429699588,304.4604412892279,43.15828830288888,31.370478738582786,1
722,1,408.61088860606117,306.71170423590036,43.34418082585011,31.021598837516873,1
723,1,418.3303133139997,307.42126475755566,43.406559742492675,30.74934578470001,1
724,1,427.1318698912928,309.45407547356524,43.16922837196404,30.77053589519184,1
725,1,436.6084399282967,310.7860487720675,43.46766186057822,30.553735475479236,1
726,1,445.9858986748447,311.13818905476035,43.393540037037965,30.640561193758277,1
727,1,455.1679229375649,313.97595900389445,43.21682938696368,30.68648783678027,1
728,1,464.1151106869471,314.9052224857685,42.99771443202263,30.700133467102695,1
729,1,441.6083051272208,317.36275765623975,45.61796159883847,29.743685343338534,1
730,1,400.3752948838625,318.7857735093004,47.507665252058885,29.655461130427106,1
731,1,361.67569970934045,321.25028989657426,47.713885325224126,29.78590234727338,1
732,1,352.66908216256866,321.79548379395357,46.48614408514953,30.357015721719428,1
733,1,363.0804402030448,323.1270692486998,47.06935566227829,30.31743742735456,1
734,1,373.76638897992564,323.8421252491578,47.161914666744224,30.309378525117182,1
735,1,383.7074844329443,325.88554337023265,46.164067861659106,30.450191018013854,1
736,1,389.1000483269078,327.59717334781743,45.28162142443997,30.622968689110714,1
737,1,358.9525321944481,329.95672176164527,46.99424478433014,29.943917599675277,1
738,1,319.0068118385153,331.7151399036077,48.21911292539494,30.331590144867235,1
739,1,288.7813914336315,331.92657453700883,47.69892254619775,30.82828458875447,1
740,1,293.12286201267193,333.78372912969553,46.948370647455235,31.219777939391907,1
741,1,303.9996450238673,334.39807263461336,46.97791428998149,31.36609021430052,1
742,1,314.49195870158826,335.42201073309843,46.20256122653176,31.51356156486139,1
743,1,323.2986024364494,336.75133937609183,45.06219703561806,31.780126675725242,1
744,1,333.01183061077694,338.1395049868056,44.81707613618176,31.68587405422746,1
745,1,342.64689454502707,339.31731493841596,44.22162134812584,31.49461968102077,1
746,1,351.8190070881383,341.439482851878,44.103365576478645,31.357322828858752,1
747,1,361.44524664280806,342.9406561514292,43.97375977341344,31.017033152668848,1
748,1,371.291058101007,344.10559949648484,43.93970483492075,30.77849439537316,1
749,1,381.0418509176814,346.4419768739849,44.065034179599394,30.47467856325514,1
750,1,387.6856054939055,347.29786869413647,43.47968490874305,30.529434973458613,1
751,1,368.98950829042764,349.0677173799501,43.289348340356966,30.521874518945573,1
752,1,373.36572358966566,333.5342256153741,43.04334073840187,30.941877762453068,1
753,1,388.30950981380994,310.38092548714354,42.42217148835552,31.151458823357487,1
754,1,396.261564903274,289.5730375280254,41.9068438106481,30.856380401994247,1
755,1,404.48914232567444,268.3044273899445,41.63979931740967,30.747394776056364,1
756,1,413.57245463278616,246.85272164107903,42.180177342956796,30.833564605086185,1
757,1,422.41828800602417,244.0669359724315,43.00691651078743,30.087193799894614,1
758,1,432.19151713477595,244.74113357256599,43.5127024396852,30.12796757736311,1
759,1,441.9578519365086,245.89408680222735,43.87523165824143,30.184891280088735,1
760,1,443.8105019028507,249.45894697918598,44.02391250520498,29.962046059685875,1
761,1,411.29864595148103,250.31856758955186,46.546697436508836,29.73609442883599,1
762,1,370.0909382587406,250.67124850667895,48.0048145431811,30.301141582580797,1
763,1,331.79696743420317,253.670857306145,47.98500625329106,30.644487135961917,1
764,1,326.04165101612625,253.69837500445476,47.00229001412749,31.016991415770264,1
765,1,342.3721427425242,254.45429764053756,45.87734782109727,31.423462269474406,1
766,1,351.6458234313581,256.46211299394366,45.04718958368823,31.79834116806992,1
767,1,359.5832421086174,256.99442285902586,44.84153023820287,31.625287058804673,1
768,1,368.93743668036734,257.9318724981407,44.763639980811405,31.76207696667126,1
769,1,378.8478802640812,259.33206063397284,44.75490758328108,31.55136277004969,1
770,1,388.28501886268305,260.4140806554228,44.224922073089175,31.52041823000308,1
771,1,375.12389364377213,262.2970282807501,46.76997562675575,30.763038337319685,1
772,1,333.3805113837956,263.73023590259044,48.42403750999004,30.77591796592299,1
773,1,300.67665303595896,264.6604717647485,49.771764276464026,31.25665827583238,1
774,1,295.64816821163464,266.25727983471893,48.182162765749936,31.92277309483012,1
775,1,306.6320924483281,266.9516338515584,48.45014459936988,31.868431025086892,1
776,1,317.6778362242629,267.9328190535483,47.93809048866241,32.05899517234611,1
777,1,327.9853276026412,269.79136431642627,46.847790730563055,32.27363110227873,1
778,1,338.12087574025594,270.8624764728261,46.088796582408655,32.281078105625916,1
779,1,348.17675583604677,271.7063475177373,45.45472804121766,32.106571107966595,1
780,1,357.7812349056709,273.0356756819972,44.87374918053382,32.04013770844767,1
781,1,367.9382428325583,274.02879054454735,44.78274052890753,31.750596754595236,1
782,1,374.9190339820134,275.97825322653017,43.836906253984125,31.69435756692965,1
783,1,345.97906283558945,278.4802278647738,45.97015970405856,30.986733497198998,1
784,1,314.81984573849934,279.09423528151405,47.02813399833646,30.965105110671324,1
785,1,316.09564658227765,280.512483619783,46.506593794163045,30.988688914708995,1
786,1,332.3528494026451,281.74570624164943,45.56436985508823,31.272474221742076,1
787,1,340.1895408556334,282.0567920534058,44.55296471705589,31.187911281338643,1
788,1,349.44313661450644,283.40616867651147,43.52330081771812,31.651719690171873,1
789,1,358.8099304795409,285.0771024021326,43.44717425403097,31.29657303932936,1
790,1,368.5484659754116,286.79812507621153,43.86547374568806,30.953614691064693,1
791,1,378.5328853820323,287.61984335165295,44.18789851276888,30.86786816455777,1
792,1,384.5183669057595,288.3951618042595,43.82823402641079,30.87465568542349,1
793,1,355.1486678652414,290.9889084247882,45.37908306569889,30.388033435119258,1
794,1,314.94458987313953,292.1153245115757,46.966476415625245,30.505407379174294,1
795,1,282.15229755378454,293.58909790468755,48.924519916639944,30.180392483819723,1
796,1,249.59972533983353,294.8748001717421,50.18557102178804,30.302520416598973,1
797,1,244.043427914157,295.19969810345395,48.84048326358301,31.05523531538993,1
798,1,254.91786028466277,295.7610230178598,49.140324577258966,31.157718905615084,1
799,1,266.05291249549464,297.02856540307494,48.27168843257281,31.56689520925106,1
800,1,276.46938751163975,298.4685551502275,47.17759948426694,31.826324780192543,1
801,1,286.5596914429299,300.0928704401649,46.27787541074913,31.953300975601486,1
802,1,296.96231416418664,301.51731133925273,46.35457462460775,31.74113172854281,1
803,1,306.9415360183217,303.1436530410047,45.85360848591763,31.741927567363653,1
804,1,316.92483823565306,304.4602407346449,46.098065528916074,31.505636621458944,1
805,1,327.4393517040879,305.88742957841487,46.216312609380395,31.451783645527897,1
806,1,337.8014227365971,307.1211448486017,45.89589712212083,31.322193185415514,1
807,1,348.10229150478153,308.7340417939838,45.69953792742673,31.145915495670607,1
808,1,358.24213171752507,309.95830969060853,45.532621860460125,30.900508278699768,1
809,1,368.1997209601147,311.7800784323101,45.154442124060196,30.90063324799437,1
810,1,378.3362131493932,312.851781596406,45.296573101948525,30.887942766817986,1
811,1,388.49838840633123,313.94405328834716,45.02598693133417,30.739275657044622,1
812,1,398.386770926294,315.68203610126966,44.73684701347894,30.94483025481719,1
813,1,408.31763250763333,317.59010750580273,44.7487028760688,30.703005854717084,1
814,1,418.23751179692135,318.76328909283205,44.855618644416566,30.43440862227827,1
815,1,428.36566689197934,320.4498944573562,45.13807340791393,30.372542993632806,1
816,1,438.4923691047993,321.40578273871,44.52581278110214,30.26633751017942,1
817,1,425.7919913665007,322.9439563680392,46.27243350733302,29.743451326350005,1
818,1,385.3968447223462,325.6841642677984,47.92262059447024,29.46476911600405,1
819,1,347.6349288148367,327.2616669066698,47.09083870099309,30.05547564169755,1
820,1,346.7677470686993,327.6717576144733,45.73572083950822,30.584929827134278,1
821,1,363.103271848191,330.4650702709455,44.419647934577526,30.65256658007728,1
822,1,372.21871447826004,330.94397618084764,43.59503746997166,30.798817079074876,1
823,1,380.58138856900973,332.37697580574354,43.056420626973285,30.796774519117662,1
824,1,389.34487211684694,334.0252146014176,42.79896189311526,30.706515885670527,1
825,1,398.85750480081924,335.88686270267794,42.95344506032687,30.347595512846475,1
826,1,408.79722138874223,337.2105498546038,43.345648847371564,30.01221099323549,1
827,1,418.5292517677957,338.9287284483631,43.30878649929875,29.935638885673058,1
828,1,411.31919604024034,341.5218824868426,44.008017445986646,29.39872150619314,1
829,1,372.8804234315358,343.17800404601826,45.625423198063686,29.201610242852873,1
830,1,333.5102460554531,343.7620824396825,46.768960933627554,29.51030909116745,1
831,1,301.82274401260634,345.2246793360318,48.12471224222139,29.532743081290477,1
832,1,291.20147306347445,346.1219986588895,47.48806751023623,30.509964558255763,1
833,1,302.01035610643623,347.47435131540783,47.385476290035285,30.645994442286366,1
834,1,312.4731705820985,348.9862125335946,46.51645744613272,30.979991188880902,1
835,1,321.8949965558031,351.10756847239406,45.29241723883564,31.068523779970924,1
836,1,331.615379415818,351.5378314537289,44.44724020288794,30.857504624628568,1
837,1,341.32631873673614,352.74825659206203,43.97007896827822,30.686771411484617,1
838,1,351.11650847089237,354.4661592195149,43.842336218715786,30.39796789989559,1
839,1,360.77513765122063,356.22978079164545,43.63807872781029,30.314464885105302,1
840,1,370.7259506983661,357.541971571539,43.8889699522449,30.0825882558144,1
841,1,380.7304568766502,358.90380089159544,43.75138131699024,29.85324595519436,1
842,1,390.3768331744605,360.47238739193443,43.631178922785566,29.780023731570118,1
843,1,400.27634936905145,362.0189665704525,43.55921257364278,29.637773558585526,1
844,1,410.0641554814606,363.5927411146371,43.54583332001584,29.51470219047699,1
845,1,420.0491402569627,364.544788800887,43.78370945687788,29.50705602623674,1
846,1,430.01327648219655,366.070064696114,44.3943297523818,29.309484134235515,1
847,1,440.01018416675197,366.919475923617,44.81624581332474,29.193754726371566,1
848,1,449.908002884325,368.5346985175288,44.50638909412098,29.09724737424133,1
849,1,460.0336072837175,369.8209468288037,44.49845116935946,28.971129697995806,1
850,1,469.9566244182697,371.4365764842172,44.430407241441614,28.84842928037255,1
851,1,480.1296120607473,372.7894568970349,44.49341327972854,28.855220048517754,1
852,1,482.94852259332373,374.4179570152908,44.11906810950373,28.82042568930995,1
853,1,451.44466337227834,376.17386036773644,46.373479209065195,28.35492869396766,1
854,1,411.1431615615888,377.7130343205654,47.808124981323196,28.52957842510481,1
855,1,373.26791325748457,379.21890848384606,47.17384833513713,28.917947019014562,1
856,1,341.64819235580643,380.3655675901692,48.35552417779998,28.89283683325432,1
857,1,303.9101826145287,381.71600395685095,47.63025734443753,29.30337972450929,1
858,1,294.70452107980424,381.6895913682324,46.03639051825651,29.88647267680519,1
859,1,311.01094410472734,382.6834995727617,44.48348671389374,30.21409358464114,1
860,1,320.298608178146,370.3224263970976,43.67654159317946,30.629671790217355,1
861,1,329.23102408755176,348.50352383736595,43.416442287795725,30.378179424329176,1
862,1,342.73750343314657,330.686384701723,42.33923455790975,32.03587612212868,1
863,1,350.63397301226644,306.5246776500954,42.451782460216975,32.675452334758916,1
864,1,364.4758994677128,282.23558432665175,41.58474587928023,32.53374075776922,1
865,1,373.06725094968624,261.1433521978189,42.28448348234991,31.710209409966225,1
866,1,381.1227235630457,256.0078705831361,43.111553239761854,32.09652908464433,1
867,1,390.8705584666395,254.8297757483572,44.10473688716405,31.32594635048504,1
868,1,399.55056245859,256.108362129009,43.71822629401025,31.043280873345946,1
869,1,377.2982395642399,257.60214746983206,45.809591595649835,30.4979983520239,1
870,1,369.18716518743787,258.7895184698942,45.19862000318462,30.81968274350119,1
871,1,385.3763711258829,259.0291995031195,44.44306426643124,31.011736184843933,1
872,1,394.8524080138557,259.76506724603786,43.742188305426986,31.25814750000211,1
873,1,404.2764208995436,261.51275740655984,43.24978196459323,31.408255679553257,1
874,1,414.1713539184401,263.0219769624862,43.51282196317726,31.144566342633464,1
875,1,424.28636405997844,263.6034605724993,43.91716294719038,31.140462547862004,1
876,1,434.271987284204,265.1368763986482,44.305146540243236,31.128645029017598,1
877,1,449.91048000079473,266.58518674291224,42.95310693836057,31.090436129429943,1
878,1,459.5375818982147,267.78765594991745,42.69489008199721,30.71880073780418,1
879,1,469.4206799526593,269.3424292755488,43.142727099938995,30.280347312020627,1
880,1,479.17826778336644,271.03919104498567,43.86184632988211,29.957037567855068,1
881,1,475.7838850827969,271.8533356601351,43.61221394201969,30.086313955117546,1
882,1,443.83024002701194,273.6902860286921,46.09501217126551,29.560414650422366,1
883,1,403.706890654378,275.03417539574485,47.11810099221692,30.288146093929228,1
884,1,375.5686412021491,276.68085144327847,45.601978284125984,30.930108654165934,1
885,1,381.1604241437485,277.84963312654094,44.79330272838074,31.157369153531498,1
886,1,397.49583297710836,278.52002356720095,43.41364945985431,31.373777975199097,1
887,1,406.69812891620865,279.57732930640924,42.76253277086277,31.25693477967286,1
888,1,416.41258174823486,280.7174704052736,42.92564332690313,31.15344138885943,1
889,1,426.23220775805174,281.8760037090342,43.696761180316216,30.81586017390869,1
890,1,435.14316814540587,284.3951055131929,42.788132336760356,30.87719918338911,1
891,1,412.35878147787713,285.85101233564893,45.70485183881,30.051168781656447,1
892,1,371.22235272257115,287.7368182700895,47.73191314580869,30.063695115442584,1
893,1,338.81185298088604,289.09752937482205,49.347399628690596,30.16076508012605,1
894,1,319.9554385897311,290.4089795621178,47.740678850453605,30.810502311201653,1
895,1,330.3560719969671,291.3414044457689,47.8016518736281,30.801148354408134,1
896,1,349.4681137274409,292.4894214515533,45.45278203572744,31.620194937855793,1
897,1,359.13677555710177,294.0914458563852,43.872160799501366,31.640612213626042,1
898,1,369.23274250712643,295.3047893280181,44.30387649661992,31.31565132550544,1
899,1,385.1128665465629,296.79572791116084,43.060807906882864,31.594585011270752,1
900,1,394.97584019419236,297.79751307643846,43.35502700871859,31.255303559156342,1
901,1,409.44871097297107,300.9064889484523,42.38983430980371,30.95188447656662,1
902,1,419.11158132311454,302.11248519856554,42.87643148488307,30.492709893210282,1
903,1,434.5580402404142,304.05596533353054,42.01026612220759,30.325779931050064,1
904,1,444.25604218625625,304.9159934668425,42.79120124114358,30.11750178065236,1
905,1,461.17464922481804,306.6941510894233,41.663475079059026,30.299909575117766,1
906,1,470.7754959526481,307.6946788806839,41.97968399766651,30.02427935518353,1
907,1,486.7007239479767,309.7288487788134,41.263858210256345,29.947639016093177,1
908,1,496.15702237083696,310.2834134702947,42.11733840616185,29.68760509688328,1
909,1,512.7288888917334,311.93077446973643,41.31863328795294,29.84056404816467,1
910,1,515.8895723168044,314.95681183416565,41.15850081662562,29.675210453491967,1
911,1,485.9291058352454,316.38819851233956,43.18339953902096,28.97456673772342,1
912,1,448.59094606407734,318.50707142459504,43.78614120049772,29.01444313611281,1
913,1,418.53212060867054,319.8982829277232,44.95584747019801,28.978230704960268,1
914,1,387.57128661754825,321.09933529488666,46.507608073292204,29.06844150141032,1
915,1,350.48042863959284,323.6013250379747,46.32351744961316,29.25635606964717,1
916,1,319.85852420250546,325.6225849688334,47.32925488213755,29.2597832828198,1
917,1,288.50437627251324,326.72595451755836,48.289068991633684,29.662333354681472,1
918,1,279.5588742488515,327.53058714889994,46.74587465944054,30.54575460208429,1
919,1,298.1449472812032,329.8626699876341,45.59283641334066,31.178404319971293,1
920,1,308.35038266753685,331.108058409744,46.04740791667435,30.988336484922037,1
921,1,324.823972535851,332.7384040606379,44.46028219615938,31.31835105471623,1
922,1,334.77802731501333,333.57877481141315,44.81315133656518,30.906101894207254,1
923,1,344.5509032873426,334.88205437782256,45.42142542340082,30.640099621358544,1
924,1,331.73851386386326,337.13581346343057,47.45408314609189,29.932208038963935,1
925,1,292.0570562642075,338.49834091137694,47.631939751653384,30.388861955784787,1
926,1,261.40151378957046,340.55651363746125,47.689702099609136,30.828513875289797,1
927,1,234.1298149592712,342.25242770404765,45.766299070510385,31.286483944631684,1
928,1,241.8792989065291,343.98560611120814,44.64329438705414,31.530678392212472,1
929,1,260.25901954927565,345.5891043230664,43.72761836035011,31.77873029117361,1
930,1,270.24291676979175,346.99796693507847,44.64657127954745,31.284441327372864,1
931,1,287.1804032652205,348.4470524911704,43.50318474498873,31.358301331674646,1
932,1,297.0832642984111,349.65396905861786,44.3461385971866,30.838061031252337,1
933,1,314.47347523739165,351.0615308498997,43.23112962205755,30.874874742694946,1
934,1,324.2103912811141,352.71157307838433,43.68067934003261,30.435173081059606,1
935,1,341.20855173441606,355.5072387182327,42.79596121663173,30.353780518251302,1
936,1,355.94131243200997,339.67252652201364,42.27080465909047,31.008203613692345,1
937,1,370.68947364012325,318.34778007857346,41.67875622968024,30.40440060213515,1
938,1,385.8626062942303,297.63599667438126,40.80885505720835,30.323828463986402,1
939,1,399.07690554349665,291.4495578591306,40.74202909590712,30.324342050298196,1
940,1,413.54367285802874,291.7591283750235,40.72335423857142,29.88243437176959,1
941,1,422.8085962033383,292.98261963689043,41.709166880227656,29.528148753171827,1
942,1,439.6742575894068,294.86220939569625,40.91667162273915,29.77585333361322,1
943,1,453.5864714759052,297.9031869885867,40.42020100306264,29.525746292363557,1
944,1,467.9982065963445,291.7450992224816,40.111571841895966,29.926568049549367,1
945,1,482.4655224785948,268.90247140322856,39.844903105349566,30.245067248846418,1
946,1,496.2575512865318,247.2824140809578,39.68470031735639,30.099973763505165,1
947,1,509.31578786094076,232.2952960626708,39.99488389156096,30.069208731963982,1
948,1,518.7420366328173,232.5969679204074,41.25149050430186,29.47993299322625,1
949,1,535.3207991398428,235.10395564919384,40.833116491227486,29.044320000558162,1
950,1,549.7419176815006,237.00998937240507,40.66421543696477,28.790618852811228,1
951,1,545.1357360205712,240.01034788595928,41.27267403470226,28.265334221637914,1
952,1,514.6032272592671,241.2979641082884,44.1170456527696,27.473365460298762,1
953,1,475.92856230389657,242.1803285949659,45.369978163608266,27.782336199696978,1
954,1,445.23018968412276,242.94752718276294,46.74072242659335,27.970338854921135,1
955,1,408.50825190078405,245.65543628489036,46.71014120616145,28.421785875123074,1
956,1,378.02939268959136,246.2959030534154,47.42291410242376,28.77144683003163,1
957,1,361.60880057904535,248.45772409144158,46.117282069853644,29.06251270075658,1
958,1,379.07623610579594,249.01900214278075,44.8948133601025,29.592520289217497,1
959,1,387.8174807584419,249.1726566500263,43.81838331994731,29.956714758975487,1
960,1,359.3072230774719,252.2515269551393,45.60256674218995,28.98633491229929,1
961,1,326.85083844291506,253.2818635196728,48.163960431469704,28.49377463342147,1
962,1,288.7323964406659,254.40817248214233,47.93960938958123,29.22877205539099,1
963,1,257.93550395496754,255.3684803850546,48.36017658754048,29.560053346200394,1
964,1,226.5093791729543,257.37199974974163,49.088292087846284,29.382994036534548,1
965,1,217.55591087116036,257.7276629604144,47.375025673245695,29.76359550119826,1
966,1,234.7475292274163,259.9553293486359,45.88988313797996,29.969566721795005,1
967,1,245.16445747553124,260.1305370003615,45.56960314931842,29.993307029143534,1
968,1,255.53100595400153,261.84676667180014,45.56737548559073,30.115978644823485,1
969,1,271.62021514675894,262.98675438483843,44.313981132668644,30.565065775967334,1
970,1,281.7866255195523,263.81924010732666,44.17372058300483,30.586622179234567,1
971,1,292.0219521251688,265.16822316840853,44.51744992487242,30.558993495654192,1
972,1,307.6908400989526,266.5866473025693,43.32021505396498,30.86974277867857,1
973,1,317.4059515354009,266.5325741951948,43.200336877113244,30.540978006527162,1
974,1,327.1113202347989,268.37154806900054,44.04461580522167,30.111036364338666,1
975,1,342.9544244254648,270.6126443385307,43.10688726702932,30.033041518149467,1
976,1,352.802333403265,271.52132922574333,43.62778989248378,29.82998463091595,1
977,1,362.739214562574,273.1452200139013,44.3288623974742,29.701125049763057,1
978,1,379.4329176395318,273.93012489728744,43.35043756680066,29.887597612550024,1
979,1,388.90429271779396,275.3084833059291,43.08772204772748,29.94755145147103,1
980,1,398.5651823399688,275.92819006045323,43.7947876367518,29.606467081178444,1
981,1,414.5853844769542,276.9697411729853,42.50030926610142,29.86477453934191,1
982,1,402.26500062782105,278.9231031410257,44.42929832362066,29.02303564011104,1
983,1,362.77302409867224,280.7731462583269,46.24503086189876,29.113931175070483,1
984,1,331.7310477943813,281.6335880005551,47.885177775900445,29.075482487900985,1
985,1,326.86541029658673,283.5567027222485,46.32583768970258,29.43045877495253,1
986,1,343.66040374344317,284.2629346392023,45.10089062142913,29.764185846615852,1
987,1,353.27918509536016,285.02640167389296,44.225010809440896,29.561914581838142,1
988,1,363.09898441416027,286.50357646255725,43.73603167867657,29.39828546730857,1
989,1,373.08982062740654,287.1145766360875,44.062508589952586,29.12316903710292,1
990,1,383.01431430413487,288.21108972638507,44.245169872360194,29.04795334425498,1
991,1,392.81600853210716,289.3858603786138,44.5764184861178,29.16433463386796,1
992,1,408.5089013413118,290.4957761217993,42.98678307522803,29.613405544652764,1
993,1,396.2405782205983,292.57296074717954,44.77231542505348,28.711966219810794,1
994,1,356.37279908574305,294.4494479163038,46.47581497894366,28.556938525391665,1
995,1,318.61739821214906,295.81692137789975,46.58595907232308,29.090522209423234,1
996,1,301.8305469050056,296.5333709527566,44.723142063807245,29.87388587709235,1
997,1,317.93590496103377,297.7701710365033,43.51038318136513,30.146622646549698,1
998,1,327.51410563015406,298.8061489687662,43.46227728379838,29.781643195750732,1
999,1,336.89810028978945,300.31957553923576,42.65070314091923,29.71626804973035,1
1000,1,346.4579238340029,301.3718771153974,42.82669318322964,29.337867504561935,1
