1,1,984.5,450.5,104.0,72.0,1
2,1,994.7921043015419,449.8808819049612,102.65368164044628,71.4813971531361,1
3,1,1007.3329120472946,450.7298734843199,101.28009112757871,72.4182640195957,1
4,1,959.4556790906463,450.3054647179311,102.83485763902002,73.02122046910415,1
5,1,863.180083204473,450.1092276497073,108.71264853246021,72.2000459286795,1
6,1,765.2590452727114,449.35983862243665,112.97605007957716,71.77689974978425,1
7,1,719.6824049379848,448.89786823768924,109.86164581250696,73.98938624700884,1
8,1,738.0979390859484,446.4809108035238,105.27202878000745,75.5922093775925,1
9,1,753.0393830557039,445.1806219831574,103.67386030765958,75.69332179119829,1
10,1,762.4114412870008,444.3504365915976,100.07846172531487,76.55122451287076,1
11,1,775.0586454969426,445.39174839184324,97.74964282874666,76.85682026891625,1
12,1,790.6644606200499,446.39944456470624,97.39713581251246,76.90313756560057,1
13,1,806.8859602808636,439.85949746887286,99.6020590067541,76.9139018134197,1
14,1,812.6114697968227,446.4870476363706,98.62699498429645,75.62237398056041,1
15,1,826.1197892377908,443.57932829862244,94.38668132819042,75.2795146404623,1
16,1,839.1278530601711,442.4062526353429,91.70229692378626,75.26584130958112,1
17,1,848.8975883362765,445.84791165740705,90.13821394481768,75.11678954658072,1
18,1,868.0127776779141,442.9773923043229,88.76476504059521,78.1108149222895,1
19,1,884.0991773537011,442.6975329621838,87.45253087456817,79.37583524898555,1
20,1,890.8290892139642,447.41886663283196,91.11578263927133,77.84531352231332,1
21,1,897.3167150918523,446.84162579333116,95.45577174348057,77.11357713033105,1
22,1,905.6796743957067,446.4328727000742,99.45662925881857,77.0015136552276,1
23,1,925.360403554638,445.739362816239,97.51801868875884,78.57095877284885,1
24,1,942.0144203635991,444.18138189291096,95.3800576263784,78.97958347846796,1
25,1,952.8915641587271,444.49611308989006,95.6279520429585,78.4320611692055,1
26,1,966.8251724178743,443.70598429959875,94.20127393103604,78.88209762132442,1
27,1,978.6528683954042,444.5103996341769,94.23547052272917,78.49633638156565,1
28,1,985.9618741842022,442.45639473165704,94.06787837109763,79.03089800545311,1
29,1,918.8088552829068,442.11303588718715,95.98266556333672,78.75917312561383,1
30,1,827.0038424666205,441.33975690611027,101.52179886192494,77.32459047421173,1
31,1,733.0709294751042,440.9114420396909,105.91269503538726,76.92208448393643,1
32,1,663.2627410772157,438.4903968801419,105.98834612315659,77.69317422701523,1
33,1,675.2618456426848,435.6299431611453,103.21756733584637,80.22380885693332,1
34,1,695.5003508422426,434.8567711537012,100.43304656075404,79.57441002628639,1
35,1,706.1225354276642,437.22598937857833,97.49710710792854,79.76703293703616,1
36,1,717.864510567932,435.60396453919566,96.03399270385756,80.58374067778276,1
37,1,729.7407804004506,433.8685892947188,95.1900853172628,81.6505891129035,1
38,1,741.5754102983971,432.4528299508692,94.43570436658487,81.74131338036034,1
39,1,758.0927612571071,428.39528247393713,92.58251337445768,84.12642595812588,1
40,1,769.7086594896422,425.21255570677494,89.88687642476843,86.54845312182951,1
41,1,781.2422833406657,421.65041507798435,88.68625736957192,89.68342721426487,1
42,1,796.276113102051,419.51198015452763,87.31804929333458,91.89060349580957,1
43,1,809.2672933474106,416.51536634331546,86.40842172803026,94.61093006003699,1
44,1,820.9888004181685,418.3365068209055,88.38641665023523,94.27703733804162,1
45,1,831.0068400852971,418.8258209321319,89.28126649993813,93.62329782179619,1
46,1,840.4124411221809,422.0967234634636,90.33429172109233,92.23282799854319,1
47,1,854.4657526148468,423.6577745634712,89.07793996073602,91.54504362575261,1
48,1,867.9017304241828,425.9010256856166,89.89643882509635,87.75951000462317,1
49,1,879.5021611816209,428.8493511448495,90.9457356201567,86.23564131653464,1
50,1,887.5733939006408,429.55711477881437,92.9791792244753,84.47673735249506,1
51,1,898.9726447443325,427.23181049305106,93.35595715440148,83.54739654505445,1
52,1,913.089798488329,429.2858962066973,94.14919178066613,82.00790492733219,1
53,1,922.5645097303807,428.1913680385045,95.02098778716353,82.17723522573868,1
54,1,934.3025045981651,427.2614659264525,94.71224773116003,82.90355973544908,1
55,1,942.9728508169325,428.97471514514064,93.96718593937727,82.56294467705533,1
56,1,876.1562979869904,425.9347788407645,94.48415695570685,81.96043374851511,1
57,1,781.4767966562249,426.6165950038273,100.1463822734876,81.43323662117348,1
58,1,692.2426769941726,425.49031625108466,100.51530213958446,81.26689578261879,1
59,1,700.2105050043776,425.05727571441713,99.52584744363728,81.27459296198715,1
60,1,720.1544029138015,426.34203416884594,99.56785356570765,81.02455766438138,1
61,1,732.1335798588065,427.5657682397777,98.91494248575614,80.57122955147148,1
62,1,738.9520490643773,426.89326467257723,98.26947345785415,80.03769354736835,1
63,1,749.5492990395692,424.9510375862171,96.62643949562961,80.0050298859974,1
64,1,759.4334706694233,427.52271026175936,94.64184867732777,79.6869871357735,1
65,1,771.7713832386812,424.24095922292565,92.51445684264483,80.48824975726413,1
66,1,785.5657128105156,423.4104302785775,93.16688847351219,79.05669180314126,1
67,1,794.2290655096656,421.8516278011655,96.47221928431878,77.14072169998194,1
68,1,806.1208810136939,420.4756936734038,96.73767961537362,77.0370155860747,1
69,1,821.4568120762549,418.99519327719486,96.05488075319094,78.79133763036181,1
70,1,836.5505572606004,405.36169615018525,93.95617555600862,84.8107179775207,1
71,1,844.6191170350377,402.22877821510855,91.9242615430229,91.28029641139861,1
72,1,852.2974661170937,408.3094873209434,92.13236364136193,93.22715265956776,1
73,1,858.2183555416401,412.61782163370475,95.28128169931259,91.72225418709073,1
74,1,866.8054589811036,415.2496680763436,99.84542282758778,88.68778359948143,1
75,1,879.5917807553716,417.74356484913744,102.21356564074613,87.84495999407936,1
76,1,894.6428684973417,417.2532385223541,101.3542070818547,87.62701986562548,1
77,1,910.647267446007,413.8308572252393,100.20037820918225,87.25232197248936,1
78,1,923.0763062650205,411.16827414758984,97.55418983812308,87.59825486286513,1
79,1,929.727271553175,411.9634737739471,98.05057240268316,86.84543646981169,1
80,1,938.973236601588,413.43954786768086,99.7167805810035,84.32155817527513,1
81,1,914.7083296451527,414.3477232076976,100.32797343064183,82.55553416296777,1
82,1,818.6555444873527,414.3965495680242,104.28113896108573,82.23348034084452,1
83,1,727.0355114232206,413.17743292206,102.46735682274843,82.77067403240056,1
84,1,732.1112796890266,411.3702735945235,98.97863157043311,83.84374698854477,1
85,1,753.9284432996857,411.8761920072759,100.84048583715203,83.43465182172756,1
86,1,768.2360154873389,410.97179192438625,102.40058865422833,84.1243597614784,1
87,1,774.1713401035715,410.24327240436304,100.51955676948049,86.620012597759,1
88,1,783.4675740888292,408.3623935359165,97.9715357441556,88.71666022341549,1
89,1,798.6028405301731,408.63040433292224,99.15498998304965,88.06289942136142,1
90,1,809.4312633543891,411.3047427970373,100.20357341176626,87.28058821197287,1
91,1,816.0644066199253,412.4481435221302,102.26695206471479,86.42892200711029,1
92,1,827.0734179340218,411.7564476058604,102.59576361926099,85.39745144531693,1
93,1,845.7200279554971,412.87040765198043,98.08138650233579,85.32072163399117,1
94,1,855.580551324747,411.52378858541095,95.79735148258597,83.02304208448247,1
95,1,863.2268707995305,410.7330012062317,95.69433064367577,80.7703342061985,1
96,1,872.1046214241172,410.7853369958602,96.34384343258827,78.43787250967773,1
97,1,882.7781756574876,412.70386612592995,96.04917942385532,77.69185223820088,1
98,1,897.2709866302657,414.3525043019452,96.45749554287437,77.98110561792086,1
99,1,906.9339597499229,410.52801075090156,96.02325195553753,77.41100702664879,1
100,1,916.3516426427358,407.07724456018207,96.1697625432028,77.08290750730043,1
101,1,930.4678173029138,409.7018034231667,94.04727268939942,79.91028113722712,1
102,1,942.9738685119214,407.66469801541007,92.86392278908438,82.97089613326722,1
103,1,950.4853064769258,404.8199175623186,95.33065943842143,83.89372434673153,1
104,1,963.6981281634419,402.05856412756737,96.3252049691977,87.14931252383596,1
105,1,973.5492235112823,398.4832267812245,96.16297322737424,90.3831678824915,1
106,1,902.7503707405721,393.63055825979876,100.73226690356054,90.93660749492312,1
107,1,798.2968962343133,392.78239636811725,112.01841208307027,89.65493302160274,1
108,1,691.2119781442661,393.8187607349465,118.99498044089896,90.1992611345629,1
109,1,605.8302279464641,392.21419273157255,123.37409668122953,90.84085554203722,1
110,1,590.0549848452117,389.9104361699844,129.3123621195742,90.61621725224958,1
111,1,609.0937015427993,390.88014544363307,131.9341169568209,89.24500781664283,1
112,1,628.3018754442373,392.3840949363565,128.3242915233296,90.04522812822346,1
113,1,648.3073221132378,391.3247060344013,123.20187551076808,91.16139226846056,1
114,1,658.8742849754964,389.5709533039095,121.22208835131428,91.81080780558551,1
115,1,677.4854335330771,394.86816972859924,118.46252927326242,91.05687960250722,1
116,1,692.080400333717,398.6008961375746,115.194260863633,90.07086508945766,1
117,1,701.9204796271542,399.9658151660717,113.70564013381409,87.06406367930643,1
118,1,712.7865818346539,400.02538589653057,111.7212575266761,84.22568846709169,1
119,1,725.8656180621865,401.254035560263,111.67603335347125,81.70756107226453,1
120,1,737.6883525022746,403.79405936594884,110.27279774966225,80.2552726791088,1
121,1,749.946929933684,404.84297267721007,108.12184238025148,79.6179415285407,1
122,1,761.9340972444372,404.00619227005774,106.81816205562025,79.4797168833269,1
123,1,773.2115247748919,404.50609701310407,105.0983022644862,79.0745970048545,1
124,1,782.9820513161354,404.53688976689756,104.85692035509481,79.21335988939646,1
125,1,796.141614530543,405.9684719645717,103.21508961109416,79.39870986019811,1
126,1,809.2248841985063,406.71613758192495,100.07721581777022,80.00406994400346,1
127,1,817.6199061268571,404.1493872974836,100.17781412720626,78.6740929013445,1
128,1,829.553981115044,405.2492554946432,100.34783401167203,77.69246528025684,1
129,1,838.8465781828183,404.4865893414714,101.93671595644572,75.43198830811218,1
130,1,851.9514861396226,404.28297425482924,102.05528825694861,73.48491679034129,1
131,1,866.8906007196381,404.2976700362589,100.2687243648619,73.4822322080232,1
132,1,868.3969120741889,404.99743753482255,100.13714556674063,72.54951748071909,1
133,1,802.247735039947,406.0164229177634,99.78407141256832,71.86708675199247,1
134,1,708.6961475857624,406.67286667918785,107.22187156507792,70.13372395481915,1
135,1,609.9061914202207,406.65910966614854,114.35389266080972,68.49330761628902,1
136,1,582.9201220892726,406.6057554203554,115.90576612495207,68.93192552598133,1
137,1,597.2133516567824,405.85518243789875,110.59723248126556,71.3144829837192,1
138,1,609.739155668453,404.2059335297775,108.7560450664449,71.4969880154616,1
139,1,616.9683485179628,406.16979925650276,104.8811077774595,73.57475687863104,1
140,1,626.1440678218662,404.4879734798456,100.76565874027031,74.85875898355049,1
141,1,636.8935703074416,404.7761116140782,99.35468553791841,76.0735794024022,1
142,1,646.3619194765332,406.4725112493755,98.13370260806036,80.04589625119245,1
143,1,655.9840353961413,402.8162606253975,95.53285951701301,83.47082497221659,1
144,1,662.5790637443293,397.52615779035995,97.65536576314177,82.77602720906415,1
145,1,671.9851380874696,399.4456617910946,102.87546843489342,82.41668591749476,1
146,1,681.9390612363635,397.7856494410495,109.1423333645227,81.17952210669024,1
147,1,700.1687014464483,398.2631365346673,114.98180096071064,81.44217210692405,1
148,1,701.4158515554899,394.9828830484497,118.71870811338553,82.6555130179579,1
149,1,703.5892204366507,395.1172297347277,123.42925375255311,84.13482277059265,1
150,1,699.4133921689956,394.22714937261384,129.22619680023817,84.07407627874834,1
151,1,695.3442647485057,396.5086770205904,135.0037045422952,84.0706971531443,1
152,1,702.6677298335156,395.3430877895101,139.43278030794423,84.40056192893404,1
153,1,707.743098068413,394.1914103040016,144.89650382960457,83.6374083683807,1
154,1,714.3897587949866,395.898949268244,152.74846130712154,83.20072971662924,1
155,1,722.0720168486986,399.2674708809918,162.65755436107446,81.95627358067217,1
156,1,717.0765896251611,402.60012785219806,174.52494815770547,79.48525647511268,1
157,1,711.5476452686132,401.14612344721434,186.47194600547516,78.52493170697038,1
158,1,673.4153430700874,403.65958858869163,189.9318018673706,80.40273555868987,1
159,1,678.4568750486966,397.8812811391763,182.5015663651236,81.4431904464291,1
160,1,621.6280348317971,396.6179672604254,172.55444180624679,84.87531688738335,1
161,1,539.6429548524986,391.1548108343155,160.40456087128905,90.53395100196282,1
162,1,449.19411066121677,392.89017346113326,156.83587962494653,90.44061947086153,1
163,1,360.9319327473812,390.39977066984665,154.76099228855512,88.50321168597262,1
164,1,318.3114161021211,387.2835674235211,141.82300946579414,90.87765938498349,1
165,1,344.40438327453273,387.772403345186,131.70469825939864,90.653328799226,1
166,1,360.3396243146251,387.9624572383763,123.57546717103517,89.65173661400341,1
167,1,368.744119698545,389.7923000179245,117.40362144561476,87.56061344332721,1
168,1,381.2071634851439,392.23086672791055,113.34104972629886,85.39411115548086,1
169,1,397.1782973666473,392.87047440623684,107.56682891458591,85.24681458678455,1
170,1,404.4296190457328,393.3115507426535,104.62610190773324,83.44584504946073,1
171,1,414.5788151994591,394.09776017403146,103.30897752935786,81.99735441323533,1
172,1,430.01208739070563,394.236937505276,100.51855924549761,81.29426041973929,1
173,1,439.16632339828533,395.73320385271325,99.74512713207159,80.80218286593234,1
174,1,449.1350146985784,394.51321585144467,100.6595492647618,79.1425866867678,1
175,1,460.40433911404955,394.8524461992232,98.62247399644164,78.54130408947205,1
176,1,469.7517020193009,395.53497131726874,96.88655136281878,78.64023774677547,1
177,1,479.37939584473236,395.5575880067515,96.15140068095008,78.48530982730942,1
178,1,492.78829211059633,396.2076436952753,94.64884519451013,78.40707292574083,1
179,1,502.1846054818222,396.5744325450925,93.57215511282503,78.37666427393889,1
180,1,514.3360410480543,393.8299424921814,95.55274269007757,78.05877678027386,1
181,1,523.5741372928933,395.0163247165178,97.33811445516028,77.01286775266735,1
182,1,532.5603544218008,395.4412613684249,99.06930873738455,76.46349367947637,1
183,1,542.4562677151208,395.9504704220573,98.1083766209593,77.84705025025106,1
184,1,551.4804927109951,396.078183757593,96.63097345843431,78.30483767858684,1
185,1,563.8989295600654,395.0713075337266,94.6119575026033,78.90113373784617,1
186,1,576.1013810056959,393.88654582168647,92.89372682203556,78.69218597814955,1
187,1,584.4548397743926,393.0185878820515,93.83511517758663,78.47793908905558,1
188,1,590.3583722435228,392.6482207754609,95.6023586347119,77.967323018614,1
189,1,602.1960874118704,393.6978403002585,95.42199970914965,77.56783415403163,1
190,1,610.2696993654504,394.41586788522625,96.2927620995971,77.22293165209545,1
191,1,621.1201696279461,392.6345461979324,96.36455526296015,77.16861903112334,1
192,1,629.7283487787203,392.69011181248845,97.33502175999575,76.6011890036886,1
193,1,641.0552013901606,393.94663186857235,95.95343033716387,76.68038779456654,1
194,1,652.135104280265,392.2943071393735,95.14573255866415,76.68615858322555,1
195,1,659.0408087683481,393.30180635642006,97.05313652500263,75.60797493413602,1
196,1,669.4368467735198,394.75976061902014,99.23669985792097,75.34309289628632,1
197,1,681.415594567475,394.0127804295836,100.31154336608009,75.45487031941758,1
198,1,691.1685373676987,394.7834632873662,100.90966357923105,74.9996771845713,1
199,1,701.3367720033424,393.3211890161989,100.57309894051212,75.19577900487519,1
200,1,709.5348468469059,393.4472175955427,100.33228754073866,74.9605197240358,1
201,1,720.2136176873065,392.1604239208347,100.09161292536717,75.71515582432917,1
202,1,732.9240049256773,392.02751862670453,99.93867597303965,75.48068817810773,1
203,1,742.1974453380644,392.82432251941736,100.728487958324,74.83880593522741,1
204,1,750.8666218379454,394.53365577009873,101.15272155218977,75.36667263698962,1
205,1,759.4127962428375,393.5274983081614,101.213841828099,75.43692494451598,1
206,1,771.6250925747203,393.0708854975111,100.98943684743901,75.3488566681879,1
207,1,780.71167378017,392.3987591315365,101.1125543437661,75.78501320586976,1
208,1,788.1084586111168,392.670788468175,102.81698005845946,75.20835523617198,1
209,1,783.4625596929866,390.2704876193384,100.64499272321119,75.52705433451045,1
210,1,695.5082784328392,390.4487404527298,102.34475397397458,75.61941065412637,1
211,1,600.4029377387953,388.294394926417,104.41418475171068,76.51873223806292,1
212,1,575.7203813430692,386.36439713510237,103.32512350141496,78.03301515894907,1
213,1,591.5631474702788,385.87704614806285,101.29057696476943,78.89791384385308,1
214,1,601.189463389104,386.2191549471185,100.3834498878609,79.04713857610216,1
215,1,604.4559892402091,386.19306660128836,101.06221258918475,78.12349806424069,1
216,1,612.8250003485927,386.24099447925175,100.72891067881412,78.420951007445,1
217,1,623.8075574383952,386.60588569110524,99.90309589190922,78.06546483169713,1
218,1,630.3329814262073,385.3778263309774,100.88317175966885,77.41945170838581,1
219,1,638.9848840506198,385.7808739511048,101.93769056174708,77.00685086553284,1
220,1,649.4271269958294,385.6919663995598,101.65019716400376,76.38860111495471,1
221,1,658.6886638995336,387.2212539773774,100.30109644009147,76.64990239173838,1
222,1,668.6136772732359,385.4143766772209,101.1058357754504,76.36870088014338,1
223,1,679.0408645082514,385.18436799746894,102.03225354174769,76.17630451379429,1
224,1,690.639629196065,385.98509876254195,100.98459599229227,76.60628061906999,1
225,1,698.1240739646777,385.3268964387373,101.34722748930776,76.43537759894704,1
226,1,707.6243797768107,385.8659814926191,101.70156963091088,76.3471350214723,1
227,1,718.9313092180096,385.9714444328191,101.87204111655511,75.70345802193532,1
228,1,727.9519456451135,386.40344271874636,101.35424581666857,75.31334230731012,1
229,1,735.6850545893041,383.16585148568976,100.76832940381217,76.16300072938647,1
230,1,745.4541762349472,384.82335086927,101.04370381882467,75.97133517793948,1
231,1,754.7150828222536,384.6988403012488,101.64946747221478,75.29161068657857,1
232,1,767.3630710773124,385.0394767186486,100.99201978594996,75.83791923357681,1
233,1,775.2889446541957,384.2952406639907,101.28416682773992,75.76978183151716,1
234,1,783.7426413183028,382.1689949213831,100.99585881141523,76.62232138191787,1
235,1,794.7593767325623,381.57609595970064,100.58778471141204,77.07669819226867,1
236,1,799.9590235706327,382.259189004823,100.97156350688988,76.12159016765774,1
237,1,813.8084601287209,383.3790812040244,99.9448705664947,75.55668210153793,1
238,1,824.8234496929712,382.9594266253856,99.06512184570897,75.6953222085988,1
239,1,833.5539651258393,381.4404162735908,99.97833948461138,75.31178238629418,1
240,1,841.9737366510585,381.7948205754931,100.89758168197565,74.64975720367835,1
241,1,792.674421674214,382.45835795240265,102.82312356193415,74.79717225794168,1
242,1,695.7192310171835,380.5531077571665,108.09994469533136,74.46452804087001,1
243,1,630.5300382016114,380.3218143752168,103.67645044366273,74.5102237663517,1
244,1,652.0199192879379,380.6786730352334,101.01637897535551,74.535330098586,1
245,1,667.6778366718745,381.13219903794936,99.44621834078313,75.18963284950932,1
246,1,673.443606953651,379.3614517732579,98.2307140015953,75.30217468495296,1
247,1,683.2288344535451,381.40464940007405,97.5645997458258,75.22126019761714,1
248,1,693.9353991247247,378.3908873181153,96.53721259096658,75.58006268566182,1
249,1,699.7253695204539,379.79052312628846,96.9415085167322,75.53349330549102,1
250,1,713.0074994678705,379.52084281779435,95.65201363654762,75.32330977880252,1
251,1,722.3341602276698,380.0365352514528,95.78268679163145,74.70830439303957,1
252,1,729.3451052639246,381.05558027047175,96.96363943152438,74.59580963851002,1
253,1,744.8582782214982,382.3465561029321,95.52535771010267,75.46188963748398,1
254,1,752.0807959190793,381.5635602331325,95.64368062182538,75.63933085713991,1
255,1,761.2868045808731,381.6360788375923,96.94073922597201,75.97311948559403,1
256,1,770.0189708515614,382.3469733682784,96.75899755068414,75.62222669211278,1
257,1,781.8084082716354,383.02524468637256,96.26190219051685,75.52215366327768,1
258,1,792.3822978992205,383.6424995063751,95.72149521928205,76.34097229895312,1
259,1,800.5558360087465,382.968934489037,95.93854787596261,76.30116745718732,1
260,1,813.5795361116438,382.1555291003249,95.34633832873718,76.07603486093153,1
261,1,824.5262844158987,384.54574434951763,96.7161378475468,75.04584445005514,1
262,1,833.6310877789163,384.5751896146887,99.31029165007617,74.28672940093708,1
263,1,844.1456042308282,385.77916702669273,99.80106846915263,74.61536543920315,1
264,1,854.8823602596361,385.47336407657565,100.35227564981798,74.3642242066592,1
265,1,863.6413767300592,385.8235750521315,100.89916694908415,74.47182189360903,1
266,1,874.7280645280059,385.9137409400583,101.93155993839585,74.00449625655703,1
267,1,885.31630877005,387.57483079567834,102.40616970565037,74.01994324094986,1
268,1,893.4120247885523,387.45453851706054,103.36926914752746,73.96579272414218,1
269,1,902.1158638561785,388.27462425330964,103.6951305935741,74.33266914326076,1
270,1,914.2450747140389,387.01340184440573,104.34734196501151,74.52245185550827,1
271,1,924.646218547369,385.2653367101716,103.10126004786304,74.92890884326067,1
272,1,929.9746992401442,387.38499902134697,103.53630534566227,74.92550894167401,1
273,1,929.1996217274221,388.1229830595857,101.97830702790569,75.80767894960825,1
274,1,853.3103170785737,385.85964730458795,106.82336835196963,75.38146530869423,1
275,1,754.6727130190243,385.33638897638343,111.88258831188878,74.59650122360244,1
276,1,682.6655291395007,385.44047521092233,110.03397999671725,75.42038937769357,1
277,1,694.1050365448184,384.9515154570208,106.22508504386988,75.67582173387395,1
278,1,707.1263910767138,385.3830902337334,105.7166109806894,75.94899038723575,1
279,1,717.0954294946766,385.54248248437204,105.15749761522294,75.77297596771706,1
280,1,728.0450424519186,385.51189809711707,103.4338908261053,75.45170971844234,1
281,1,735.5625363480835,386.67538381608847,103.87774576906571,75.35519820901209,1
282,1,745.4581726773454,386.60176965850354,103.18661845050792,75.21252827765524,1
283,1,756.4464020359142,386.5179420098281,103.45753903634878,75.0601637338119,1
284,1,765.1166548323538,387.4026051685708,103.7301563835332,75.09497929540831,1
285,1,776.3116734519797,386.72982081295174,103.1887576788271,75.8261461893246,1
286,1,785.4928901502325,385.8077471642726,103.41736966196021,75.66930929478839,1
287,1,793.77728264559,386.19679684645996,102.70527984641598,76.08769199275346,1
288,1,804.1153817113519,385.27276811040105,103.31569517924771,76.25983851516425,1
289,1,818.3363501609731,387.308950116322,103.55425640317434,76.39807201842851,1
290,1,826.3393448240395,386.79941816519977,101.01126165254209,76.0052356387668,1
291,1,833.791489539442,386.36367154265145,100.5542359393884,75.23448502171135,1
292,1,845.7750337933472,388.63340955930374,99.66835089227128,74.87313627722513,1
293,1,855.2650914722924,386.52252779618675,99.23775793428322,74.67668977385712,1
294,1,862.8582932526936,387.4112031959948,99.44135280945511,74.71512700486537,1
295,1,876.8377458389291,386.85091802625016,97.12400342311695,75.6781625662366,1
296,1,886.2566413161642,387.08930695744294,97.58325340797771,75.79569665644196,1
297,1,896.4748369941157,386.7558272318287,98.5882129889645,75.73797252488768,1
298,1,907.3864335607542,387.15553724751777,98.00409647006728,75.65269433921266,1
299,1,916.6154201016788,388.3493693264796,98.3651160029643,75.40392736184629,1
300,1,926.6308454205714,387.7126933276906,98.49127258258623,75.51723099383126,1
301,1,941.0040119053674,388.71707878178506,97.89301471675391,75.68686584736108,1
302,1,922.6573931407503,387.23892290660143,98.69646266468932,76.31425246497686,1
303,1,829.6814995633285,388.7506717545985,100.87972564961092,75.73841354621973,1
304,1,734.0929520169631,386.8656119345154,104.10444342300593,75.51566786236552,1
305,1,684.3106936701541,387.03003923607343,105.6638941986551,74.99769114864417,1
306,1,702.124556375355,388.20841440366166,105.17447063761844,75.06288948480866,1
307,1,714.0146043544066,385.2024718518144,103.95327551264526,75.60283216372903,1
308,1,722.9765457095522,386.83434341633125,102.95044001304751,75.74876844753717,1
309,1,731.6889838949016,387.52278289989687,102.15082304176258,76.24318982010466,1
310,1,741.2068995676736,386.98986191978037,103.33941415105247,76.02029770193042,1
311,1,754.2945579511276,388.20892377884843,101.898304537465,76.30635635111916,1
312,1,763.4132208381119,389.2345077524754,102.29867789069363,76.43928187920702,1
313,1,772.4425449083438,386.52160729026514,102.6790079454201,76.0259681376424,1
314,1,784.2751536382302,385.97277066224086,101.70146214702424,76.24779542496765,1
315,1,794.8105980073533,386.4846524082843,100.50019087093649,76.30301893525342,1
316,1,805.2637581263562,386.89675177886727,99.21949242858489,76.37526290544083,1
317,1,816.7747008209409,385.9598703101709,98.27464485069491,76.00904824464327,1
318,1,828.9976967737765,385.19140447523256,98.89200552986243,75.06012528881804,1
319,1,839.9607215480709,385.42357115928166,101.75088334943786,72.56392680078581,1
320,1,850.5412697073849,386.25216765260154,101.08490231096113,72.91490918722339,1
321,1,862.3293462581198,388.30354572634167,102.93248387440818,73.54385489063428,1
322,1,873.2180033325136,388.7428520321668,105.54042553921923,74.79630121033472,1
323,1,883.4847336953649,389.8922438497411,103.33042634610953,76.52158450023501,1
324,1,890.9101762757831,387.9193850395167,102.14694726742651,77.26667145585824,1
325,1,896.3338946116259,385.53122292705405,105.40773832553819,75.26708005807242,1
326,1,908.1963232502114,384.88456662844965,108.9191386014676,71.88132361307547,1
327,1,925.7885588411692,388.65994698876005,106.68019735729618,73.40571719695903,1
328,1,935.8489413650788,385.56738504508803,105.3461373265671,74.31596496659678,1
329,1,945.3649769716698,387.1989279310989,104.60298937693493,74.78908095772806,1
330,1,955.5676722658349,387.17876916702215,105.35676703201284,74.56684670136622,1
331,1,961.1460781444807,387.74862758699555,104.95662050451844,74.36234968573356,1
332,1,893.2313929317756,386.1964773152514,106.57955477270217,74.14927194667482,1
333,1,797.3102520320845,383.90909822247403,108.22762270489687,75.80510913842465,1
334,1,702.393546540291,381.4655636522539,108.2469162568432,77.09042480558315,1
335,1,627.5880951595111,379.0441935117309,109.46264689926247,77.68140317332947,1
336,1,624.7393052708372,377.8274630134828,107.64730772748288,78.17903858350668,1
337,1,647.7714604627332,377.6986432175181,104.92839529290973,78.88883004020317,1
338,1,658.352863670915,377.8732225783693,104.05944263631176,79.06590523001513,1
339,1,668.1205077962572,379.12581694488733,104.39216776758539,78.65170727876301,1
340,1,677.2765040825869,379.8430044791152,103.25604799766023,78.4356406590988,1
341,1,690.3722729592992,379.3721573853011,102.2011431635473,77.62702180313275,1
342,1,700.97242479305,381.97735337016434,101.62514712849202,77.49587158603066,1
343,1,713.3282690153552,381.63211804642515,102.21626744547831,77.42734467396161,1
344,1,724.6004235328472,382.37206979028065,102.79710718368753,76.83648880893129,1
345,1,737.7542600222359,382.18155031495814,103.5761441811064,76.3230770354514,1
346,1,748.9736190888559,382.1254323791594,103.97923818165543,75.95728273207834,1
347,1,762.0987479365733,382.3299727296786,102.5579256461328,76.28315018930401,1
348,1,770.5967922914658,383.4850400126013,100.5807359002761,77.24664648092627,1
349,1,782.4521624355358,384.3630455884862,99.23439647578358,78.99402278032835,1
350,1,796.81516185852,383.8405145842806,97.16755061443422,80.29951053518054,1
351,1,806.0302427188718,384.48753645711594,98.0051672903372,80.5590620939989,1
352,1,819.0073639123475,383.3903467924665,98.69418395184772,79.74198588740909,1
353,1,834.0450691962749,384.17899504340767,99.4156922530114,78.90108241998492,1
354,1,846.5942371404719,383.77037494374633,100.34831263292787,78.14336822878185,1
355,1,858.8269882483455,385.0152836591227,100.62856656647276,77.94013827475948,1
356,1,868.6513330623112,384.9663961000039,100.96062416144181,76.7717412223579,1
357,1,877.5534760449344,386.5075834108876,100.38013885537504,77.4175391412552,1
358,1,888.1498213904019,384.9444717197119,99.04191364905908,77.19930418200822,1
359,1,821.5444504769298,383.6915976560811,100.43231245842533,76.86621301674344,1
360,1,725.9637006897344,384.6178201440474,103.69819740879251,77.25734838214994,1
361,1,661.0991738343788,383.59128738812717,103.59283949841011,76.58299189501275,1
362,1,675.4473782438967,383.7080574230149,103.75714845281183,76.6034779103756,1
363,1,693.3924417727658,384.67018202070284,103.09757025371607,76.37044041543925,1
364,1,702.368491352471,384.3059553484278,103.648705957587,75.51401531531768,1
365,1,715.1144440417714,384.3652599081186,103.70564777747235,74.91353676658619,1
366,1,721.9598857297394,386.3291970293949,101.49354228697342,74.98151427917588,1
367,1,734.9597294482772,385.8401375457324,102.40095934208544,74.92857123955051,1
368,1,750.167802148051,389.21587797546096,100.79576136075063,76.96973774184866,1
369,1,758.8032395152344,390.2121231336873,99.7293715659591,78.79088420518116,1
370,1,775.1835429729847,388.20915089611356,101.96657882892539,81.55244236498288,1
371,1,786.0250626113393,390.1550587134239,99.47501637411541,84.56815083924889,1
372,1,796.5894673108971,389.29862435211777,97.90889389516582,85.7109488183004,1
373,1,810.0160777904921,387.05695963190686,98.91323214007758,85.84311534826077,1
374,1,822.5986700255775,388.7760882803376,99.8830993972016,84.8962661610642,1
375,1,834.2831878504012,389.5685743062543,101.04611101928288,83.89713373840408,1
376,1,839.9786756956721,387.5825481116343,104.31162565466855,82.45043870256468,1
377,1,843.9295120844178,388.48246765619626,108.46700548948215,80.77781550551728,1
378,1,853.8431741929572,388.35457344910014,110.93309824933183,79.62876666900004,1
379,1,871.1101836247924,388.18039770468283,108.54967600431377,78.97555937716446,1
380,1,888.6799948398026,388.5229878645432,104.47082742378078,78.43319206944756,1
381,1,904.3089615913836,385.92232942579636,101.36769815035488,78.7922161612968,1
382,1,880.7604253104498,386.6497831156298,100.3555215972323,77.92015274096133,1
383,1,785.9056839710174,386.2012762003583,102.76146118527691,77.50219989288503,1
384,1,688.7429042110135,385.78617044773443,106.52932722383933,76.69898592396592,1
385,1,595.8347754270325,384.0337268270509,105.19409553398899,78.09948826619357,1
386,1,543.503597139237,385.94924323212103,107.79340279317368,78.11872691944744,1
387,1,548.4974942840047,385.9501113545742,104.11947893363094,78.89049588541766,1
388,1,569.1744267878611,386.42457863801224,101.55397070692399,79.256228305007,1
389,1,580.2421119449194,386.2981358158668,99.8237345938571,78.40534846162694,1
390,1,592.2642546241613,385.9447419342556,99.79132438796128,78.53262607250944,1
391,1,599.7032531658939,387.220387017996,100.92347821391989,77.64626493735427,1
392,1,612.6862038363746,386.1662022582195,100.43349278177192,77.52681239155392,1
393,1,622.9657470160478,388.0745381757654,99.4520812881484,78.01155647671979,1
394,1,637.260078367402,387.8417714936421,98.61470604576698,77.7179561444102,1
395,1,648.7235142516297,386.8811971260632,99.45097781674033,77.1252653963069,1
396,1,661.2896481256682,389.89207315618864,99.86502621551374,77.32637939440566,1
397,1,673.1228708745094,389.94968062065976,100.0922555682952,77.05144438735275,1
398,1,684.7883611600357,390.26775910320237,101.49121350432281,77.08133416089206,1
399,1,697.3023673583914,391.4655676375946,101.66723591290938,77.38004158551587,1
400,1,711.1736481241277,392.74669343180074,102.00417839449828,77.91902705574307,1
401,1,720.9415648911698,392.0717715930923,102.74208181414923,77.81994833745372,1
402,1,735.2810586859308,392.1433215411351,102.4125433823421,77.43851654232125,1
403,1,749.9704180068646,393.0040999132827,102.57129460436617,77.76351007192139,1
404,1,758.6192739883649,393.2415292962372,103.19687670874845,77.35427068529434,1
405,1,770.4610539608323,396.1111363249027,102.66302074330598,77.51086818573313,1
406,1,786.0375147323934,394.0527417032879,101.24656465428498,78.00552560446926,1
407,1,796.3941278811697,394.2001564551491,101.90999012064862,78.1843948955887,1
408,1,807.6350790539187,395.3582092934197,102.68507248584385,78.10822628607933,1
409,1,821.3154287915135,394.78121022589323,102.05352950479498,78.06472705327336,1
410,1,834.1610961698761,393.38282450966005,102.59423324599453,77.80305899256044,1
411,1,844.5307473434461,394.53975732028726,102.34046747417193,78.04622094965984,1
412,1,841.418533389754,395.65725336914556,100.01386331521101,78.58772073236017,1
413,1,750.9283102144883,394.932652071088,100.54956174093766,78.74914638145378,1
414,1,654.6716442223188,394.3994121677529,103.24078068816712,78.90841852029628,1
415,1,606.3524901215126,392.2035361528478,104.7295451275726,78.04958594775066,1
416,1,608.4849747425573,393.4503081631334,101.37579643602038,78.28175041182912,1
417,1,625.502343361612,392.1492459220416,100.13637017203212,78.34573745809959,1
418,1,638.7408927075777,392.83293187773864,99.17812562133591,78.3339084448836,1
419,1,650.0556620885781,394.7355667333706,98.31319714986269,78.7179988753738,1
420,1,658.8791657769555,395.26129302814184,100.01333866837157,78.17719268866725,1
421,1,671.282738999503,396.99018832871013,99.2706091086524,78.72555281003433,1
422,1,684.9399016537812,396.0132394079573,99.57976364323544,78.16233076704891,1
423,1,698.611795142684,394.4249369621934,100.20808550637256,78.26113180840288,1
424,1,709.2219497011315,395.94620700098926,101.38247739350575,77.59887604019829,1
425,1,720.8546758897343,394.68051444212597,101.39719545697398,77.21066353219251,1
426,1,731.3738565542104,394.21574601954103,100.4189709230657,78.09894842739637,1
427,1,742.6428801668343,398.586977617394,100.11738342987366,78.12279115515241,1
428,1,757.3721822651534,396.3662088753802,99.32750329329411,78.14901015010528,1
429,1,772.9659936767447,396.9201191908129,97.66933374769927,78.86795457966466,1
430,1,782.5439908753045,399.05181519489065,98.84808475768399,78.54479174898411,1
431,1,793.9277192582492,399.5026265802861,99.12985093796175,78.43134444186967,1
432,1,804.2381666411717,400.48051679277114,97.97878954614015,78.46384681662042,1
433,1,816.8958389219217,400.6270718454763,98.05604981252088,78.54081402320278,1
434,1,830.0214049042714,401.22975860579913,98.08595613212341,78.10870532790115,1
435,1,841.2417884281433,399.2406865367376,98.42482356008752,78.30402304237923,1
436,1,855.4563932343161,398.3873372994831,97.84906663023708,78.47051663426649,1
437,1,865.5535425107996,400.0652275234974,99.12626275195272,78.14404379007385,1
438,1,875.1366188903311,402.2316896651484,100.1163981398625,78.0877036551789,1
439,1,889.8021641683292,400.91290888818685,98.31477612024307,78.34747165861066,1
440,1,903.2182519872426,399.08921250206504,97.14912727684984,78.28574487251993,1
441,1,912.0955194150242,400.5575463018853,98.85642065309814,77.78938703583412,1
442,1,926.5721774714502,400.0174500251882,99.14514708175022,77.7338954566522,1
443,1,939.3852005741279,400.7210954113863,99.51635238701479,77.44075902309287,1
444,1,908.4090970260535,400.29960684637115,104.32613013135703,76.33502320813868,1
445,1,808.7540598620385,399.52292420870066,109.45148155899632,76.38687428708371,1
446,1,709.3861867970976,396.81766716904195,111.40570303067514,77.33924751633405,1
447,1,632.0632632384755,396.4225439363726,113.70670151510669,77.56444522745745,1
448,1,624.5310218606044,396.14815845995673,110.3794091396234,78.62373669811528,1
449,1,647.8693150908261,397.39902639314516,106.9612569748343,78.68665160574056,1
450,1,658.8400111235375,395.6738743043451,105.77128397679445,78.69257764575217,1
451,1,668.0270091644925,396.7859433961134,105.18508200804355,77.93989467862329,1
452,1,679.8917691437897,398.846107912434,104.96102660328205,77.51096569709914,1
453,1,691.5635131075273,399.0426540142061,104.8597357125501,76.98126079511906,1
454,1,700.3088020932627,397.217810806144,105.48564142943374,77.03073559091249,1
455,1,711.389871141729,398.2271906138511,104.53705390012803,77.74608704613111,1
456,1,723.7973595142134,398.02946304074317,104.28169705872364,77.78358083570724,1
457,1,735.3205208261984,398.64556516898165,104.98595617608683,76.89951771301544,1
458,1,747.6585272194665,398.8459168797257,104.86440391506343,76.76948032455704,1
459,1,757.7722098914951,399.4382272584751,103.92768607771998,76.72191317595258,1
460,1,774.1849477445152,399.0883658932702,102.94385275144046,76.89910755600907,1
461,1,783.68877901673,400.19101307600783,103.27223451853443,77.00658212669096,1
462,1,793.514581860356,399.23651414125663,103.39922761668278,77.45474322804306,1
463,1,805.5463789428122,401.31674925035315,103.5519954512821,77.58193265493063,1
464,1,818.3658492567706,401.3739637061879,104.43034493872165,76.77933336982127,1
465,1,826.8932167470894,398.27294130393113,105.95970686665348,76.62011442235122,1
466,1,840.4787357158307,397.5179365965371,104.47478800876058,77.00863371625151,1
467,1,851.7530423061527,397.2788089085839,103.95650739342437,76.74730703039032,1
468,1,862.3476932226405,396.42503864954153,104.01589902663524,76.65888008879644,1
469,1,875.8996999807518,399.12064922807605,100.53017355057369,77.35759804915905,1
470,1,884.8817231302286,398.24451187668376,99.33006997012595,77.03877037119105,1
471,1,898.4184186847729,396.9062210443406,99.20621995295645,76.11784241330346,1
472,1,908.5778936157635,400.394942700423,98.04960834781116,77.07172501361437,1
473,1,920.9671559357089,396.67367631210396,97.36591135989781,76.79967200915493,1
474,1,933.370674991638,396.28393299060144,97.04781062596933,77.69862098577961,1
475,1,943.0521801458175,395.85573974649583,98.10431211265421,78.76071696119064,1
476,1,960.4545313571333,394.6512613657766,103.9308619788409,79.1245944913669,1
477,1,971.8469354206537,393.73645582697975,106.38451057787442,81.9404012524399,1
478,1,979.6712172447492,391.3010348153532,106.51929882787681,85.78109488873773,1
479,1,985.7656964654764,388.5284533402084,106.09443473914473,88.4569665334853,1
480,1,931.7294737737889,387.37665135667555,110.76387261519531,88.04708216017315,1
481,1,824.9043249567567,387.42766526420957,116.92623995140832,86.36548023698136,1
482,1,746.2240353880841,386.58277858989214,118.51264916687833,86.52992649916757,1
483,1,671.0978131543903,386.4658649594613,116.06910974754712,88.79525243060722,1
484,1,663.2202626231275,385.3156618103651,112.20492522657668,89.32086784573542,1
485,1,683.7980024780596,385.7623623677499,110.83662355626333,88.79625697006146,1
486,1,692.7787012001319,390.00873266842837,109.53619870733354,86.16444251998024,1
487,1,700.2345186754915,393.4201917564315,110.9229798943096,82.91981838274646,1
488,1,713.9724013337885,394.9156664542569,110.44898268989826,81.1594009180192,1
489,1,725.7049519888394,395.4028373033532,109.74877014322429,79.99711750470537,1
490,1,734.5599726775034,394.5980171196292,109.76390462344017,79.27121543173887,1
491,1,747.2376309583693,394.5648042661799,109.90595210589777,79.17240782460011,1
492,1,758.7684126438353,394.1637180389414,108.23331619468267,79.28535090991363,1
493,1,770.504464269712,393.61949785714273,106.5178905704926,79.079506333745,1
494,1,781.5426915151397,393.00239137006776,104.82384612907562,78.83980599593666,1
495,1,791.4565396066357,393.5398916520194,103.91570179544897,78.07275774664868,1
496,1,801.332141616773,395.01272984489395,104.19068948660012,77.77271005161916,1
497,1,815.3945260964626,396.5189386331667,102.69374149584894,77.50038260683324,1
498,1,826.9151227441063,394.824739674693,102.73522413439952,76.97536008501426,1
499,1,837.0243091120959,394.0988927715957,105.078515979719,75.91963811972448,1
500,1,849.829105990162,394.75338747270723,105.6311403174588,75.52641722164407,1
501,1,862.7396366191861,394.113358364237,106.08316751461096,75.15577308129238,1
502,1,871.5144991497157,390.93640006718215,105.80500884454304,74.32421909434741,1
503,1,884.5120922641737,392.40405114271107,105.18130546474805,75.10062906525306,1
504,1,895.8261480241572,391.9823004726361,103.3841875971248,75.80799655578215,1
505,1,902.7021097164582,390.8632611865179,103.77353580370944,75.55584242194871,1
506,1,916.5013543591293,390.059442408165,103.03153760723418,75.92361062249907,1
507,1,926.6392954397065,387.8006324325578,103.01184479239335,75.10770014768809,1
508,1,938.3613270396243,389.9106511171387,102.02272238845617,75.89870775762174,1
509,1,950.3901196847049,389.51181600916243,101.34234771536036,76.19858510376797,1
510,1,962.1524299451139,388.0416833259137,101.64247809481088,76.19574429579637,1
511,1,963.2737871128764,389.1046515335479,102.20316832891164,76.19428216756116,1
512,1,889.9622814760751,388.83539380466465,105.29291544235828,74.83825266625931,1
513,1,791.099992523505,386.8053270791689,110.86142645296711,73.79545747879258,1
514,1,751.1056999354792,385.4114724786884,108.5614145220851,74.3831160873311,1
515,1,773.9751896917978,386.70482541981266,106.76250230070764,75.43298471184227,1
516,1,786.7495782523695,385.93157658118804,105.91797170056054,75.42857275068657,1
517,1,794.6126159761862,386.50926330300086,105.54884701281452,75.67366717968058,1
518,1,805.1486704579015,386.2804729953974,105.64523322760661,75.317609048149,1
519,1,816.5730766182106,385.5455628950513,105.84748635193469,74.99573961451813,1
520,1,826.6957169704688,384.5967811445117,106.24715460676916,74.35949822210372,1
521,1,837.3023274563508,384.3526422428378,106.35619163061057,74.43538460127236,1
522,1,847.7685993219684,385.1714490248513,106.3357401082375,74.71474045577114,1
523,1,859.1398810563659,385.99810297406043,107.21791151798257,74.28556712175256,1
524,1,868.383835452145,386.6657998352708,105.80473646055525,73.8927332972315,1
525,1,879.4496099090425,386.97854594388565,104.07014303687262,73.21722044859908,1
526,1,893.2576730817059,388.0372716982199,103.2290887893241,72.77799421878487,1
527,1,903.9119195845335,387.26786860968684,103.47794975705749,71.7989356917189,1
528,1,912.6696087176697,387.7702468344682,103.39797722198645,71.3625106029732,1
529,1,923.626241375093,387.6539960187529,102.57333876871218,71.5117615031741,1
530,1,935.5190005904242,387.5846183075603,101.2131628978641,71.82215122710248,1
531,1,944.6056866172856,387.63318354112357,100.57710049074757,71.96999310818913,1
532,1,957.4024936172704,389.8940472385526,97.2637294107,73.5428287206858,1
533,1,970.8540005556607,389.9899452340596,95.13037648362646,74.63738274149736,1
534,1,981.687707676244,388.59274807231714,94.56656751284544,74.94653898972592,1
535,1,990.4509240174303,391.61570372949143,93.31419221877847,75.06279379399916,1
536,1,997.3973634837134,389.15524285086786,97.45796489754042,72.95865251337393,1
537,1,978.8884055555391,388.5044616896474,97.70243562449458,72.881542474441,1
538,1,886.5657551805294,387.03006607624434,103.71782304443582,72.28489302741897,1
539,1,793.0413917909702,386.70328646983245,108.74973463800725,71.1430449450157,1
540,1,698.2427494094263,385.85328587296834,110.67943212082164,72.79252399758532,1
541,1,657.2232747264761,383.8294147815811,106.81520613271829,74.61989779504498,1
542,1,674.8458170394963,385.8839925614045,101.75414822481757,75.80530409834358,1
543,1,686.9004075461908,381.835676805693,102.10668672436799,74.96220401186622,1
544,1,699.6050873690467,382.06433210513876,101.5467323673525,76.54153310337398,1
545,1,711.7232984808297,383.70145613898484,101.44241501744354,78.26035516126159,1
546,1,724.172794311079,382.77422351661903,100.87331646912773,78.47941486552688,1
547,1,735.4849688274141,378.1835939802062,101.26369598260004,76.55759032781789,1
548,1,746.1823200515306,380.83483805040373,101.40902115277524,76.4938717186728,1
549,1,752.0171637644521,380.46907383464463,100.40826091962028,77.10908489711213,1
550,1,757.2662624694528,380.00315786935187,102.09495330301485,77.91724765040387,1
551,1,769.381802843747,380.3339386696953,102.47513582957293,79.23935509230424,1
552,1,782.4336871914054,379.4867288193116,107.01370302597985,78.08031805746066,1
553,1,800.3484166597918,377.3811418121398,108.27438538559352,77.85211857860979,1
554,1,811.7498007512552,378.1482386835804,110.7548622893368,77.56616208796385,1
555,1,822.8343250600315,377.9248038052215,111.79582610769747,77.16011792857086,1
556,1,833.7035647944067,379.84330734137296,111.28048735549967,77.98514489099686,1
557,1,838.4844142105608,379.3243544031278,106.71636809777638,78.77032248408183,1
558,1,850.4741294410778,379.68698008918784,102.96541320742111,81.27580617551467,1
559,1,862.2539627484034,384.60953498847397,99.53999723363907,82.77280128874652,1
560,1,872.4360782109859,384.162127536388,99.48110802905502,82.53478926859441,1
561,1,885.3092528193799,380.707169864561,99.92130323060192,81.10676058148667,1
562,1,865.4177457382701,385.7165280944073,103.12382728051702,78.29342122369239,1
563,1,891.6050304408739,387.0662146678729,99.88714392267273,82.03796201337619,1
564,1,808.1959223032972,382.20666245950775,96.8120343921621,83.34722203160788,1
565,1,778.595886897185,382.4086192452833,94.5743915813395,83.81143544846773,1
566,1,690.1917803569313,379.6340741956509,95.49562651243286,86.44501417802736,1
567,1,694.3511723984926,379.9382693725747,93.45598862376828,87.16618136221217,1
568,1,704.3230356155443,381.3019330334669,94.1798303964519,86.97971970014153,1
569,1,708.5031687738355,378.58838359843924,97.02733061276771,88.1300670519474,1
570,1,723.8240815109697,375.7085152868661,96.79419273005188,88.48717477647308,1
571,1,727.9084434371754,373.82423525777733,96.7927824533852,88.98998442647806,1
572,1,741.7502571110573,374.72057104263223,95.9253992309875,89.36486675844061,1
573,1,751.4974196838642,370.87821825967706,96.93399614347908,90.34272799451692,1
574,1,763.1370611743747,369.0625193484767,100.49406100181358,89.67821641216304,1
575,1,770.0054116920799,370.09081963804545,99.0620751229584,90.26794523594914,1
576,1,784.1217725489097,369.82403837658114,97.01064117480168,90.57045434691715,1
577,1,785.0695931403906,372.9035992739627,98.84763739723543,88.60419649334668,1
578,1,793.1580365786773,375.3486797334218,104.44037904544237,86.03989297532252,1
579,1,795.3101098256512,372.9175228410175,110.50327509299828,85.32788596697937,1
580,1,797.008388625435,373.98203988834837,116.88184013594781,83.56138097130523,1
581,1,804.7639292171663,372.12885824457527,121.94886106430178,83.08247585675176,1
582,1,819.4264970679092,369.98585394371435,123.14471573452002,84.01620980217783,1
583,1,841.4618091787165,370.31715150148256,119.56214769576675,84.43457686773277,1
584,1,859.8354535855368,367.56125460596553,116.35882708280965,83.79051404942227,1
585,1,874.5921396185117,368.6919505619195,114.9824198148334,81.8764755959189,1
586,1,892.0487972872914,368.9941941852473,111.57018212925169,80.65604217559546,1
587,1,903.116041148491,368.9919411333932,109.95244855724299,79.50254745246795,1
588,1,912.162905878298,368.44602793595146,110.76414321567108,78.68227746616404,1
589,1,920.9967724861,366.27537220459203,105.87841435645137,79.16086629361367,1
590,1,898.6858660956358,368.9389827636188,107.87175194817078,77.18056971894092,1
591,1,800.9824039101176,368.3288869879525,112.26244096764488,76.82207503293833,1
592,1,704.3342142357278,367.9633819247545,117.17828137599471,77.18578646686942,1
593,1,626.4773719235718,369.48472169948775,121.9333478362442,76.28038142111082,1
594,1,586.9463876632442,359.6024173806983,116.92152485299317,78.91171598032061,1
595,1,607.7220449719993,359.62049057762664,112.96662670887167,79.15920135826683,1
596,1,614.2398612723733,363.6195357782486,111.25782401840175,78.60604151045924,1
597,1,623.0187264481939,366.8488141633298,109.20070497199757,80.0078343954482,1
598,1,636.0325347431723,364.17030510540667,107.90534813240694,81.32992705047903,1
599,1,652.5603630064031,364.851303858564,104.3980371717413,82.58328622789547,1
600,1,662.0977913473128,363.72086212728635,102.62019091167491,83.28030653222473,1
601,1,671.1390299007306,362.84030562851456,102.80876902639677,82.23631575092915,1
602,1,678.1739322940646,361.8702505634832,106.01264015830789,80.55817360361763,1
603,1,690.1722286465763,361.2215354727575,106.72873208463221,78.67930635884521,1
604,1,697.9375316606191,362.1012581297642,106.5659754065221,77.99822601313183,1
605,1,710.315056670132,364.94099378888706,105.82529725944462,77.59376814169391,1
606,1,720.8345781608195,362.78756176237755,105.08822380626773,77.5612066309007,1
607,1,732.0787640224036,364.9877861524789,104.15269708432042,78.96328527837127,1
608,1,743.5731678950619,366.1527507719113,104.03573458436506,80.10310501335293,1
609,1,752.4481489993989,361.5605433310781,106.54867749654059,78.6224684347532,1
610,1,767.3552800392329,361.10119997354684,105.85326040283466,78.73867200839344,1
611,1,775.2668017944329,361.2230897443222,107.47767134494924,77.52295826750961,1
612,1,785.751061738021,362.0663642210153,107.90797424219681,77.64090584084144,1
613,1,794.6405576211829,362.29065607252886,108.99368470060443,76.74728024290165,1
614,1,807.2103957979805,362.77483174359406,108.21165719649673,77.39321150880346,1
615,1,817.2773369141621,360.8913921627912,108.50253768996345,77.08319304925439,1
616,1,829.990775716099,360.93191885077925,106.10939917605532,77.51844321255439,1
617,1,839.5761014494738,360.0493010667863,105.47652084163018,77.08801699732187,1
618,1,852.9917013098813,359.2227077874024,105.04573654134748,76.08880139353789,1
619,1,801.0318878184759,360.3570800224297,108.1039972521856,73.68518420383772,1
620,1,704.677784100284,359.2165847014202,109.79508432724094,72.26805019871631,1
621,1,609.7860971203311,359.02277616804525,110.27393863382659,70.97154661040634,1
622,1,542.610121394399,357.99342318187877,106.74594623803446,72.91878213674875,1
623,1,554.7337367121215,356.19421096383786,103.34620591325844,74.89950778418768,1
624,1,574.574426811391,355.69952294289806,100.53545788635023,74.68173503570779,1
625,1,584.1630100039342,357.5573098645876,99.37997996256757,74.29758399811492,1
626,1,596.9743890394726,355.5117052267552,97.27103491028963,74.1797349890201,1
627,1,602.4834715624478,356.3397650464002,98.5677635868735,73.07715087076056,1
628,1,611.9969106761638,355.56885470593164,98.8395818773858,72.24309131030363,1
629,1,623.0127642255419,356.30130235849947,98.587034324528,71.26730853134633,1
630,1,633.1754196168644,358.8096541152278,97.68816473451007,72.23828497623316,1
631,1,642.1629115679721,356.8733070235195,97.69824629249972,71.8600021203126,1
632,1,655.2409597337278,355.8688149415623,97.8725752234395,71.9150418395707,1
633,1,662.4821906472553,357.3682665802151,101.27736238930439,70.7130278673798,1
634,1,674.8842520531483,362.64696138304004,100.56511465381224,70.80978731721088,1
635,1,682.2294715595059,399.8794248842901,102.63422764305032,69.41541695533573,1
636,1,694.2640724816474,458.3297190574996,102.48920487591565,69.48544018118241,1
637,1,704.4634298587943,487.2693812336717,102.13462807633394,68.39261103757835,1
638,1,715.2186402132502,483.26433660599304,104.56130682420923,65.65178476559196,1
639,1,730.1810523974932,483.7563767258141,105.21809027432667,66.08012885189277,1
640,1,738.5081894760743,485.8136511574361,104.64390377890744,66.91504764764545,1
641,1,753.0211729618836,486.0620993188553,105.79411287845605,68.04428488594135,1
642,1,758.8787479063922,487.2839659654915,107.33309239922903,68.81289361651841,1
643,1,763.5936188945291,487.59406188294935,105.05292613325165,71.03432151159848,1
644,1,695.4463088902941,483.7713898315713,103.86690954504209,71.83514742969275,1
645,1,600.0783602457471,480.81006878372733,107.06833722964362,70.66440764366673,1
646,1,505.55214065943665,478.8001682927993,108.69098209074127,70.97476219531657,1
647,1,452.71755282055807,477.92448743590364,113.58104399896717,68.89821062480613,1
648,1,467.3338268012715,480.23788060734563,113.30931528192501,67.9826731565864,1
649,1,479.3635438448462,478.8409113146094,111.46945135468773,68.50025576023208,1
650,1,488.4771062697963,481.04970420176096,110.99574065884029,68.42722441021485,1
651,1,497.4606349374439,479.7958006041176,110.56867279498067,69.12069375588463,1
652,1,502.553692185611,479.7149293145074,111.93430085235745,69.49024609627159,1
653,1,519.6973361093816,478.7707694048605,110.01263266424003,69.52947629306773,1
654,1,531.75084631891,478.81425478243534,109.47316481171148,69.30326434915354,1
655,1,541.7221448480348,481.5539121460078,110.30335103288093,68.71628169903502,1
656,1,554.4515971247289,479.97254961901433,109.34046584289601,69.64008415704417,1
657,1,564.0107913023014,478.84393232254143,109.21543609981146,70.62496760424563,1
658,1,577.7193354968804,478.6935249302521,107.71356606392506,71.34564084448223,1
659,1,584.0952195666762,477.7682262568487,108.37543603926264,70.94994679228691,1
660,1,595.7095456676727,478.0282081545398,108.50102616209863,71.27030149790042,1
661,1,600.5289865109066,477.04263506664944,108.26914501731778,70.95990274989875,1
662,1,613.0243852774986,477.661882141357,107.22482155945139,71.82663177934717,1
663,1,624.4639468448332,476.5976650647008,107.15828807016783,72.21669646778534,1
664,1,635.0399621036913,478.7941538182588,107.54018356258351,72.16982835092807,1
665,1,646.7632445237213,477.42070767258963,107.78582415160082,72.53871871393693,1
666,1,656.3506307214107,479.08734078144505,108.34947033532353,72.36495071094782,1
667,1,666.7224278986025,478.8977843239919,107.72601605662351,72.90640858821259,1
668,1,683.6820877849831,478.26226480192116,106.25286709074706,73.72233216504408,1
669,1,697.2663222561135,476.31421096241445,106.0013273934812,74.02304213325739,1
670,1,706.8891637007233,476.4894728320621,106.24777478380271,73.25523923989977,1
671,1,718.76010388518,476.0322833477513,104.27385400961597,73.59482504855974,1
672,1,727.913835825229,477.05250969942153,105.51534986157372,72.22864565731106,1
673,1,737.8240540553969,477.0069421767909,105.87503959142327,70.70395159242678,1
674,1,747.1620043206984,478.5920448506615,106.59503787978997,70.23711490847332,1
675,1,757.4911531141394,477.48112908255155,106.29343165338179,69.69142315596648,1
676,1,765.8871661932566,479.8345419313258,103.40968491409271,69.25310493903935,1
677,1,775.7679264230874,478.80688303162384,101.7478005323118,68.96730416430077,1
678,1,785.7661461179719,479.47009134193763,99.31491590633681,69.5888977498958,1
679,1,797.8270532309164,480.9914859745265,97.41060427444188,71.39238095328498,1
680,1,808.7911459387503,478.7378766520833,98.58329471326614,70.84139876198967,1
681,1,822.8699017242243,477.0761714944809,100.16779135154678,69.8924444608004,1
682,1,829.8728632497954,476.8566965911182,101.68671914574166,69.90850232287906,1
683,1,841.5255220567439,477.456944667892,101.89234399095116,71.10776736928257,1
684,1,845.0234402929968,473.6619717312536,102.35612513319111,71.94488130667682,1
685,1,855.6240466057372,478.27748420474404,101.47497514503937,72.77360310194439,1
686,1,868.7849077873883,473.8275164444238,102.2245418442374,71.63470786544381,1
687,1,879.8781709200236,474.80029316449776,103.70353720067078,70.66861085000902,1
688,1,833.6942116847839,475.78844497077273,104.74941129859168,71.03441191084471,1
689,1,741.0295264007697,477.06408936458797,111.7199561830265,68.2456504251218,1
690,1,653.9287437752002,478.85333576868027,111.76356244979016,70.23515459569695,1
691,1,643.4343782817613,476.2443625309309,106.3411186624983,72.8771297062207,1
692,1,663.0703243514292,474.01625940942336,103.1406300265804,76.44179870014746,1
693,1,675.3815048388706,468.65486340427407,97.92547272601415,80.28177058105155,1
694,1,682.4350450452491,467.39518164786466,97.80949643923338,77.32160614358347,1
695,1,694.8727059696477,465.27884448963283,102.11930375608588,72.84432047622144,1
696,1,701.8006801858116,476.47805340032687,103.91770751186833,72.47561723918393,1
697,1,711.6885315445717,473.8099645637624,103.94978601383065,74.24811760136939,1
698,1,726.2012417439428,472.7071946602597,102.47991523667034,77.99257793011094,1
699,1,730.6580196128341,469.2631512670159,103.05980584898552,78.05394543254076,1
700,1,745.4180042342482,471.04231495715806,100.40372439302243,79.72609633899964,1
701,1,752.2810404928236,466.3447267802881,101.23936700190923,78.35006679063993,1
702,1,764.9416920469918,465.98662281100843,101.85517288710321,76.25984248203743,1
703,1,771.4715343909497,467.7534567808842,104.46199878115753,73.4534760206718,1
704,1,781.4454462783867,467.18400161750833,106.46951634539484,70.22019825614551,1
705,1,792.5644362481053,467.33756995510885,107.19220687714906,68.11435135393182,1
706,1,802.8761764236826,469.19990953618395,105.15493677684893,67.60183420960392,1
707,1,812.3992111376793,466.6674350695006,104.67909020346968,66.348129559444,1
708,1,823.1775028402824,470.09443084251296,103.4281861195526,66.54938770442881,1
709,1,834.2298610412312,469.8624045391678,104.13333757654185,65.06741124407957,1
710,1,844.3856062587112,473.5327722700208,101.774369419414,66.7953956462652,1
711,1,855.5141907789647,472.8889997895793,99.40556707812559,68.0778844610816,1
712,1,863.8653725486546,472.05142555182664,100.09679446586989,67.59639908267452,1
713,1,876.5262871380212,469.7775645763264,98.82021141140433,67.4098504610126,1
714,1,888.238430166522,470.7579716567016,100.91372282449532,68.12645763166792,1
715,1,895.0705288257268,470.723483119494,98.48526998240405,69.96547438370301,1
716,1,909.6984587593821,466.9263327074342,95.93202966770578,70.51239523727213,1
717,1,917.0448909200456,464.54783305540946,97.10171703552679,68.35951914840778,1
718,1,928.1131276804401,469.34411400263735,96.10507887240382,69.38248249961849,1
719,1,940.0044708262803,469.3312713028645,95.23723900101143,70.15451920083429,1
720,1,949.739988027038,467.3000943572122,96.28263068592207,68.86222831674836,1
721,1,955.8894344316601,468.0190288094703,98.85369007852087,67.64086243633336,1
722,1,960.3223846312719,467.96098373944346,103.39095835758101,65.59289293740999,1
723,1,975.3035901368983,472.3697784769862,108.39150663587915,63.754721740064916,1
724,1,981.5013881047084,470.0439923096665,107.89624315112539,66.21838828628267,1
725,1,912.8337631396856,470.06313324103314,109.06401261242098,67.47205617254237,1
726,1,825.4214112038078,464.65610514265643,106.40986516581731,71.64921432852435,1
727,1,737.6186647273532,461.97882777145395,104.64487472028893,74.71789804202906,1
728,1,671.2306181110165,461.6390473951948,104.80114068245472,75.43105365989935,1
729,1,656.5773031385875,460.05487824073475,100.58767861681464,75.89221719083476,1
730,1,671.3833845644365,462.33822766150763,101.2499317349652,74.5608134065858,1
731,1,683.4988937130504,461.6218390608486,101.13583200158024,73.79405046965931,1
732,1,690.789219282458,460.82611829626916,101.04711087069941,73.16714683356545,1
733,1,701.8491165595635,461.9417012272299,100.2461773241788,73.00167363483672,1
734,1,712.6022028461023,462.6587111946191,99.97346040906035,72.8271910392688,1
735,1,721.9211271225165,461.4318433291672,99.27470258499162,72.74027783294733,1
736,1,732.2972200004527,463.4624845405959,99.02747402821596,73.06677989113847,1
737,1,742.7017158003841,463.15697710823235,97.91616957740104,73.47594322400232,1
738,1,753.1786566236183,460.34409221676697,97.95751002260745,73.96451503558916,1
739,1,763.7224071197069,462.16862649100335,98.45150050076732,73.4135771900888,1
740,1,775.0295504489679,463.12194283297526,98.42362817940324,73.16833695647756,1
741,1,785.8426114598369,461.34802703053305,98.08760816267028,73.31659714259979,1
742,1,797.314094511048,461.5654182012925,99.77439517304097,72.60848864255726,1
743,1,806.9036203573951,463.32706065106294,100.41845406079116,70.98830733302808,1
744,1,816.2254471508736,461.44411681699614,98.72929113545521,70.78450157884414,1
745,1,827.9320328066684,463.3943180233888,97.00261083643876,69.50777022089898,1
746,1,837.6045886841624,462.89762204706415,98.02442527468823,67.74593842248007,1
747,1,854.6832619371409,464.09655902339244,104.77127646160235,67.8733726019951,1
748,1,863.4750325812269,463.9367147971241,106.33303889962673,69.06358993131326,1
749,1,868.932532113869,461.42509479919164,105.91399816258937,70.71629860660626,1
750,1,879.4812776452156,463.047401676293,104.93021941068707,71.81048146800418,1
751,1,888.0167743637166,462.50832545075497,102.52872155626584,71.95027388366073,1
752,1,898.383710545685,461.71541916102564,100.3421342722851,72.41911771216579,1
753,1,906.1273460758382,463.0388384171453,97.18405728088726,71.97066324648095,1
754,1,917.6998302939979,461.71113917212955,98.10585749080825,72.00208145277529,1
755,1,923.9973899450786,458.5567653992289,104.2232683247554,71.84653265763427,1
756,1,924.333513469285,461.32051629592354,107.53276198946202,71.3626862597528,1
757,1,927.7870657634221,462.5005444275746,111.31605371008656,70.20310890785046,1
758,1,946.0449700937688,456.78814710213965,108.09957289973502,73.78333673666833,1
759,1,967.2384640759029,454.2238745020097,102.57970758561338,76.71675087346688,1
760,1,978.5698658309457,453.7766826993964,99.36394272604045,79.31882555211118,1
761,1,994.3932270777142,452.23140957069063,96.71611206294784,82.08763088421072,1
762,1,1008.8736602088286,451.24713859102997,96.0980840880724,82.79680180128054,1
763,1,1012.9573943925427,449.773053643947,95.28073864926361,84.28224951317263,1
764,1,965.9089089702115,455.0503657175908,100.85683547048845,82.20542954984494,1
765,1,866.3940657516903,455.8597292227438,107.21556243487484,81.98314137659037,1
766,1,764.9885608011867,456.1803369406553,112.14055549017877,80.8691269972477,1
767,1,738.5951317658307,456.4893422843104,113.51583824350789,81.21710452872179,1
768,1,750.3371578091541,453.8455738766433,111.13991184350674,81.49046735952845,1
769,1,759.3188650445128,454.24510940037186,108.9530028430651,81.43322183306366,1
770,1,768.9343177601176,452.65384449607933,105.44488336156274,82.03541554774611,1
771,1,778.6419822035701,450.6182807240089,101.6184846046625,82.40559962188567,1
772,1,792.9277247561412,451.24122767303936,100.16072134705459,82.50775131136447,1
773,1,806.0973989249104,453.2096843666264,102.72802927477478,82.51718182296364,1
774,1,815.4838991741054,453.78410649165863,104.20928979323041,83.8198661220935,1
775,1,824.0239743401346,450.52331888337017,102.2256827732449,85.10495347322237,1
776,1,833.288476549824,449.04534305856015,105.04916019590695,82.79213728913271,1
777,1,844.0196905142435,452.1485895029452,106.40064179770772,82.12904039645639,1
778,1,852.6108027646925,456.254201320796,107.58808816472968,81.09955227634913,1
779,1,860.3925168597784,459.0365086280712,107.69479356525596,80.42957000127635,1
780,1,875.9121792931264,456.6448285663165,107.79402803999082,80.36347667553649,1
781,1,886.1503728785042,456.834383190824,108.47301921091011,79.58563926447127,1
782,1,897.4912262048234,458.5267030567401,107.67827926359375,78.50331142991696,1
783,1,907.4507164371761,460.8777286665985,107.45063066229189,77.07522342316707,1
784,1,913.4026289353534,460.5243584299942,110.1336729983957,75.47088010273544,1
785,1,918.1443409645779,460.7751376389415,112.79687064404843,74.3716589975393,1
786,1,930.5161571515342,460.2821318420905,111.88916432604381,74.46123342311995,1
787,1,934.9642313892838,460.3835199589091,110.46323355531759,75.23579109279537,1
788,1,946.1344954795258,460.4615723856277,110.48814955818327,74.63205601274616,1
789,1,957.6457342022895,460.73620499510366,110.36068782920843,74.63157355965951,1
790,1,966.1694765111243,460.94579960551414,110.78524720262774,74.9620349364109,1
791,1,977.5465322524258,462.08942891970196,111.04006783367242,74.7183196468109,1
792,1,984.8465462157939,460.72632923613037,111.73061779542485,74.79754969556414,1
793,1,991.6497140517653,460.74854772976875,111.76204323951,74.45079923148646,1
794,1,1003.2966206125026,459.8297409220558,109.80970274376772,74.82931033550643,1
795,1,1010.57606717008,460.344457812432,108.71176334107611,74.58620534732609,1
796,1,1020.4458437722325,461.15348548971906,107.8852274097205,74.73124882869712,1
797,1,1032.534621728161,460.71642433476325,108.18774924139376,74.45780124381798,1
798,1,1041.4922570838555,460.5577120766,111.63198895175766,73.60048639933518,1
799,1,1050.3813285711542,460.04710450333346,111.00338210997276,74.13115460411109,1
800,1,1031.1472840472195,457.6247840497005,110.49582418518577,74.80764842427982,1
801,1,937.2693680797587,457.0905631127114,110.23136193065437,75.30303437527299,1
802,1,839.9292511261295,456.7674921663482,112.48090125783463,75.36638744296434,1
803,1,744.1666844281119,457.04903810023904,114.65712718316671,75.31800957779186,1
804,1,719.5655815779843,454.94269270899315,112.5712507606193,75.88064304445724,1
805,1,737.7003153183571,455.08565490980186,110.08644361922919,75.65369442508522,1
806,1,746.4194073551164,456.11827102909456,109.24425258770276,74.50799895588985,1
807,1,759.3619335797955,458.96148441252194,109.33714737345187,75.4700735852143,1
808,1,764.3829918796182,455.1303589128774,111.70093077533234,75.41533459045434,1
809,1,775.6501918733798,457.0264504776701,112.47395151840021,75.2188409960099,1
810,1,782.4517530263715,453.06620074287827,110.38623295997519,76.2912970238211,1
811,1,790.5227755812665,455.6992627075907,110.27262832564907,76.82471790564506,1
812,1,802.6686476964882,452.85006561718416,108.96072532750556,78.41932943264958,1
813,1,809.8402387830039,453.4129498809045,109.4831904704532,77.08575568889648,1
814,1,821.6152344303476,453.6537758914117,107.4545252408291,76.84465282991218,1
815,1,829.931908093013,453.7488073849964,107.11804337875512,76.22068161863703,1
816,1,841.1986345211674,452.6042025858024,106.42171439329603,76.20303911474537,1
817,1,852.1810267764897,453.1481706389419,109.59023066390131,74.74549728842311,1
818,1,862.5431496432535,453.44991197537155,110.75619222102318,73.77624519947005,1
819,1,870.0598000784379,453.3371600724669,108.07939674463631,73.65793335076316,1
820,1,877.3151590880294,453.5543879662272,107.78768717119301,73.15014429239481,1
821,1,891.374506488187,453.1848359981291,109.28130659512107,72.68271658472355,1
822,1,900.181341331091,453.33344141840774,111.34839443189622,72.67367590302925,1
823,1,908.3533711877783,452.969342752725,113.34124687367287,73.03397348869188,1
824,1,919.1362378892757,452.8604927694163,113.29883843710878,73.50812914497806,1
825,1,925.9968099154999,450.67838304420826,115.16225954731914,72.9625647552147,1
826,1,937.8529965048283,451.84788931132886,114.91994290247567,73.25081385961484,1
827,1,944.4479995202487,450.65948987315045,114.32492474089749,73.06714644645139,1
828,1,953.8836436504354,450.21703311476944,114.10729439373216,73.21664551781313,1
829,1,966.2801193831059,451.98758994136585,111.63481946037352,73.6695249085199,1
830,1,973.7389869063812,450.91567543317655,111.34115458136438,73.16502180591047,1
831,1,987.1875029975722,449.49435907321845,110.63350495208313,73.33065567214317,1
832,1,994.0585601722489,449.1976370380597,110.15807132019793,73.98713677285951,1
833,1,1003.6337425893341,448.8170743574294,108.23974689130091,73.70363768629751,1
834,1,1013.628226061819,448.2404143566688,107.78439505863595,73.77249504514907,1
835,1,1024.8135474722687,449.35695281085026,109.33361498492874,73.15194193096035,1
836,1,1037.6100644005523,448.3497031458563,110.33943519330293,72.79814797557829,1
837,1,1040.5214543789962,449.02883132300775,111.91047599904944,72.244656726523,1
838,1,1050.5658350607075,447.91239497944923,109.39964508606639,72.92125154250807,1
839,1,1062.7046847719903,448.5520749957332,108.84123162846652,72.76766386692711,1
840,1,1071.6139222876416,448.6680816764906,110.67893983996186,72.18964992343265,1
841,1,1081.361442800489,448.45310125959384,111.70614040667434,71.30884513317986,1
842,1,1093.9818128605216,448.9971631046357,111.82347066014428,71.59340258399573,1
843,1,1099.222627250817,449.47951312068517,112.49129599637496,71.29103466945432,1
844,1,1069.536216106356,448.5882830659618,114.82126779091197,71.20671223285775,1
845,1,969.175052850469,446.74429131899944,117.49034112885779,71.60979196205764,1
846,1,867.0660437729167,445.9075170354299,119.95205740407954,71.41880150198263,1
847,1,769.8948935254554,445.1033961392036,117.56886351423658,72.66015509915911,1
848,1,692.8896470708221,444.4091225390927,117.85984348405012,73.44551491715956,1
849,1,686.6048141427102,442.86515148284485,115.20880907629675,73.58233712990557,1
850,1,705.0649076858646,443.24081419736314,113.74596985986113,73.22672586464925,1
851,1,710.2753903150325,443.839348211652,113.44907476906684,73.09568154346128,1
852,1,721.4681237090057,441.96456049865503,112.48051624528048,73.11706344795564,1
853,1,728.7740534377813,441.759381063159,113.5627104376318,72.21555913497237,1
854,1,736.4764699056161,442.78046875842006,113.61126380872477,72.11274662801821,1
855,1,745.6762948564833,440.93033260920413,110.7403299943317,72.31822837240335,1
856,1,752.6876870165495,441.72568987698514,110.16254823004658,71.91409461400957,1
857,1,766.0679084107393,441.6297769303376,111.5344220310223,71.48606522261386,1
858,1,772.9610833937768,441.5749712470392,112.10552827222264,71.43449917753524,1
859,1,779.7768583906131,441.38741060611324,113.77260040989765,71.05977453739382,1
860,1,788.9708569201504,441.13018625933586,115.65892776793757,70.56509692536847,1
861,1,800.1134662680063,440.9534973632343,115.25338970577056,70.75470495088331,1
862,1,806.9483481404569,441.7760671614679,114.90610520891616,71.28053984744281,1
863,1,819.1239958415459,439.99069691607457,113.73940300742174,71.4334536857026,1
864,1,822.0092098786166,439.99930634271124,111.53226815189296,71.75470147671638,1
865,1,836.8590716038833,439.83931735246097,110.79778899457249,72.56339942720473,1
866,1,848.5649021677821,438.13180295839254,112.40164605525172,72.8285554354955,1
867,1,853.0924293550287,439.83416538017457,113.31496116470609,72.78245433498859,1
868,1,861.2161919572392,438.53459499463384,113.08212826680364,72.7208416175294,1
869,1,872.1210267339632,437.73554124139184,111.29719511777459,73.0477484671226,1
870,1,873.9133353826679,436.9112361575288,110.75258970314722,72.94235904397495,1
871,1,825.3399775370817,436.9410078993731,110.39575009646789,72.86240440789369,1
872,1,726.6609106087814,434.7803873049046,112.45163785931871,73.52316295179591,1
873,1,625.7073130768692,434.55376026083604,115.82198294755707,73.61431044846992,1
874,1,562.0667836785515,433.8044727541794,112.38781652446605,74.49530439231373,1
875,1,572.4894971356734,432.00773698655803,112.06037018578351,74.29346566869114,1
876,1,588.8739201462805,432.17030367328204,110.18607448805568,74.65938795072256,1
877,1,590.2851148269438,431.4127728529849,108.92113685173533,75.0100511595389,1
878,1,599.735276775423,432.699318279312,108.57685276495747,74.91381320071399,1
879,1,610.0416902485694,432.9229986483291,108.32643731768826,74.62773077011774,1
880,1,616.7302272071715,433.05464330068577,110.26820533468792,73.69260115530768,1
881,1,629.166422815674,433.11610292665245,111.79206770349853,73.39876309598701,1
882,1,637.8101359512915,434.06176868143797,112.08307733009056,73.48657556358116,1
883,1,641.2392435050451,432.3964724102077,113.96979153624301,72.68967520137863,1
884,1,652.7307519969892,432.76958910452265,113.27318965245254,72.81027251934502,1
885,1,660.9718795937647,430.83714064603095,111.0660580550931,73.09595033346893,1
886,1,668.4541689585033,431.05236336003225,110.17084101232228,72.44906486857354,1
887,1,679.0027695442832,432.1767839058535,108.11824891058684,72.862424943084,1
888,1,688.3025771423457,431.4979468235953,106.85262571885622,73.38498129067526,1
889,1,697.6692950188526,431.26798447463153,106.88085340273214,72.91893042746086,1
890,1,707.8591758480923,431.9984570227222,107.2154166954247,72.97911124394584,1
891,1,715.4726091120399,432.69137525845224,109.9592590145752,71.92837473781964,1
892,1,727.4283492347845,431.8702478529009,110.42456214005773,71.60955674637876,1
893,1,729.7393740408571,432.88238906433304,109.12272107741201,72.30933867364259,1
894,1,742.6142292458157,431.32796524938715,109.453186067275,72.49587642804616,1
895,1,756.8165456407011,432.4187395156502,110.13352756644491,72.02121549832614,1
896,1,761.7109927768587,432.8249806936128,111.75050087072876,71.30458536841982,1
897,1,771.3735643221852,434.9665667830086,110.50077053031995,71.15837846443898,1
898,1,781.5680841289916,431.09534979248144,108.7638343407794,71.93074112972793,1
899,1,786.5674439334408,432.5921310556661,109.32365316877046,70.95379566306627,1
900,1,798.0342248578924,431.2821950188122,108.0566677053654,70.98522851062357,1
901,1,809.2638950758724,433.0964509885898,107.04225067028443,69.82359999201248,1
902,1,816.8214521750849,433.27012558012814,108.03981499969142,68.8916176373775,1
903,1,827.6234362260443,432.49123693602485,107.2455488173283,68.03865693425105,1
904,1,836.8763794276394,432.71199234340054,106.40301156574928,66.94392308177999,1
905,1,842.9319895896693,431.97905873681793,106.69026688866214,65.54800178366897,1
906,1,857.0358526989214,432.782253122278,108.52300125670575,63.719418847757446,1
907,1,861.0521183555355,433.43758073730635,107.31597615380483,62.932205826467666,1
908,1,871.5277757756279,433.4092966573709,105.78470144423518,63.2767563607683,1
909,1,882.5894079030311,434.136666719227,104.14505497202155,64.25349139956222,1
910,1,884.0464256409939,434.37265623795383,99.13687539018474,65.68853531514202,1
911,1,898.3317778124082,431.71789645653246,99.50290810790301,63.8284329335572,1
912,1,881.7794992014913,428.17531557546005,99.15170055922911,64.30043503917737,1
913,1,795.0557554717685,424.5916084192938,101.12270181261988,67.78648338471302,1
914,1,712.3312413898747,422.4237560255059,99.23042138265761,72.75374760384176,1
915,1,626.1993533749464,419.153001152224,97.73118166544383,77.57615770955924,1
916,1,641.6749427487246,418.68272343189705,94.55950006449382,80.54360605068011,1
917,1,656.9476372411763,417.2996102627385,91.44487813891662,83.86445110523714,1
918,1,660.0110436041361,415.53853834233155,90.01221776819096,85.7465271302703,1
919,1,675.2662551764711,415.6582553426239,89.67893581309639,86.45537692122781,1
920,1,686.5721273488429,412.4208513333229,86.56143699752751,87.90930662485775,1
921,1,696.056302631901,412.90758066476496,87.03756542005878,87.58649458892302,1
922,1,700.379762217033,412.17467008846666,90.80438736155025,85.8294709024235,1
923,1,704.0150628747518,410.6356124423016,93.1505215044864,85.45762381720546,1
924,1,708.8429158100937,414.02008085835695,97.86329536250157,84.35146202476757,1
925,1,726.1201959283743,413.4348622477027,100.14431022970011,83.6152652729544,1
926,1,743.4660162065859,417.3007517363169,99.04354720623589,84.01934387781827,1
927,1,748.2501476638811,416.0328554895196,100.13379831447253,83.27981512621942,1
928,1,756.4857454861462,415.4207989218311,100.95329023097747,83.09831138213329,1
929,1,766.5944978344374,415.3016073436313,101.92005639315965,82.4390904902807,1
930,1,777.9040731295453,415.5175881711035,102.27898845980432,81.71345737637667,1
931,1,785.8356452008762,414.356423836568,101.79671608990867,81.27153195227758,1
932,1,796.0774936315736,414.03776071576095,101.89071698242007,80.5373255152875,1
933,1,807.4744698049943,413.64905519539485,103.66027553035413,79.30358881851673,1
934,1,816.6440399818841,414.46313016024624,103.93360198870815,79.18863690688792,1
935,1,823.149070847991,413.6344908384649,103.215485713953,78.934789056043,1
936,1,834.724113214383,414.0591662182366,103.04158964083695,78.29720145494011,1
937,1,846.1959878875256,414.1882194014755,104.53321741552352,77.5648434605402,1
938,1,856.4312902096772,414.52911934729246,103.93842720908647,78.10541931944803,1
939,1,862.5511889575748,412.7137326228569,102.92461905502711,78.31611353705696,1
940,1,870.3431071655198,411.9641273805233,103.97911119138335,77.90217168464997,1
941,1,881.9335715449821,413.5805361747117,103.06716627340097,77.38184751592027,1
942,1,891.8159653894161,411.6616201700687,102.4869031206659,76.03898065359373,1
943,1,904.4202166469336,414.3503564175536,101.67272967667586,76.43448932546356,1
944,1,915.0004182092665,413.11663768194103,100.9080842271807,75.64588312412704,1
945,1,923.1313591447707,417.8578328978187,100.10940101797664,75.09357405986444,1
946,1,934.0693222242184,420.848480156073,96.84939969428648,79.19739211507215,1
947,1,947.2417464319088,422.556882053749,94.38941799338285,84.84338491243251,1
948,1,957.3321339081444,419.7561512893385,91.87453278090186,88.34156875799546,1
949,1,963.9734412405204,414.9124495016769,91.73030293518087,89.43606061304276,1
950,1,975.76249117728,410.3083866885566,95.94763419874658,85.60034869198111,1
951,1,985.2791466781782,410.7289863131162,101.58064018303413,82.59512365932315,1
952,1,994.7128726389656,416.31079920775585,100.86238679356399,84.35600501115705,1
953,1,1001.8615748387708,417.88136947601623,97.86219213363847,86.42213891158697,1
954,1,1013.6656056163328,412.48509553615366,92.97261927175182,89.03968564690294,1
955,1,1024.4579556508543,415.2392258372618,88.90885807599983,92.19099955335369,1
956,1,1033.5816613879242,413.4111805119753,87.23274520110328,94.43719037310849,1
957,1,1049.4539897316436,409.9034304473082,90.29609098558834,93.51861991528452,1
958,1,1057.9527117139344,406.58692863584247,91.790958498668,92.14574890442688,1
959,1,1067.9020878142028,403.39346270616306,92.72193156363372,93.60903479058021,1
960,1,1074.2417710135724,402.07581956488707,94.3475025275657,93.93243500097338,1
961,1,1077.085077850128,402.6753091214089,98.37780684609265,91.28334569086245,1
962,1,1048.8732282792014,388.51712704226946,93.28006357461581,93.987515787862,1
963,1,960.912856866326,380.1795003586238,93.66650464255392,97.98680384601029,1
964,1,871.1400865530047,376.9048135672352,103.75859983462618,97.60781315190151,1
965,1,774.5278551779894,375.6524133719537,113.25285323407087,98.66181646147079,1
966,1,735.1944393297952,372.47341442502477,107.75791887821333,103.22357986684136,1
967,1,751.9378049048615,373.0763386713521,107.41828626934033,103.00977355806279,1
968,1,764.6000682544872,375.4279398489875,113.46624377724245,100.59453697732816,1
969,1,762.3424731401668,373.47384349893304,119.40765132346424,99.71527173447446,1
970,1,768.133522636792,368.7682963919895,121.30194126148837,100.63288049761687,1
971,1,785.3060710513789,368.0632193981667,118.6346207689844,101.91414245097019,1
972,1,805.0567446013697,366.91140208615843,117.130088396786,101.13751369875077,1
973,1,813.6424533543327,372.2956598564215,117.1128495102449,100.7537017943942,1
974,1,829.3044172378152,377.599415246903,117.49606934154633,99.06529558954193,1
975,1,834.6593168334101,387.57849268353766,117.2757005779079,96.04708593721989,1
976,1,849.2221964950393,385.34587862096583,113.1772907266955,95.71428225541777,1
977,1,859.7629484388176,389.3352375795581,110.40922525466623,92.79976378586505,1
978,1,869.804449905287,392.7719642726418,109.66281785700556,87.98802576415383,1
979,1,881.4018020079257,395.40710966744376,111.6745536236522,83.8151205002533,1
980,1,893.7428604803823,395.7684031473377,112.36482170376331,80.81031436894138,1
981,1,903.647652691188,397.53268715727074,112.58347176396336,78.39152987931067,1
982,1,914.8454660519093,396.7057189194493,112.96033268290168,76.60140531407524,1
983,1,928.8797908906936,397.76449284543776,111.66569652462019,76.10638339250295,1
984,1,937.328864570277,396.3945039272346,110.89306796428147,75.49457294651488,1
985,1,950.0657753394007,396.32567151511194,110.18698476831923,74.87095490952743,1
986,1,961.1197593063988,395.5175011578269,108.57155719382017,74.67587160714493,1
987,1,972.2045863864969,396.50348673658965,108.83594882524994,74.53254949365639,1
988,1,986.3099724960805,396.01361538038185,108.5230476235387,74.15991288401992,1
989,1,996.8107402450022,395.68515190405816,109.5761233317501,73.49609913689929,1
990,1,1010.8110445550508,395.7358895512685,110.79540149143796,73.09434371852954,1
991,1,1022.2922137184521,394.7871095190882,111.48199848262868,72.8758716593245,1
992,1,989.8877933735624,393.34097614283746,115.35505960087475,73.11204481441376,1
993,1,892.1589259784133,392.75899497026256,114.24445027496208,74.48311461410194,1
994,1,792.2158498443479,390.1791609412299,115.78052014563204,74.4363579590325,1
995,1,743.2982511579363,388.84459936053713,115.02060185683396,73.41013118870111,1
996,1,767.5446684965899,388.5864543842583,110.77455520442903,74.08993413113754,1
997,1,780.1396487700548,389.22298332665997,110.21558945425232,73.8511899250756,1
998,1,791.682801683365,389.10731677141706,108.8456456271435,74.06204269148941,1
999,1,802.8161884389314,388.60607495887916,108.80792752067396,73.87097656432978,1
1000,1,813.5324241551381,389.0385045032206,108.79774879761115,73.70325173200982,1
